Time	Exact_Real	VQTE_Real
0.000000	-0.000000	0.000000
0.001000	0.001996	0.001996
0.002000	0.003984	0.003984
0.003000	0.005964	0.005964
0.004000	0.007936	0.007936
0.005000	0.009901	0.009901
0.006000	0.011857	0.011857
0.007000	0.013806	0.013806
0.008000	0.015747	0.015747
0.009000	0.017680	0.017680
0.010000	0.019605	0.019606
0.011000	0.021523	0.021524
0.012000	0.023433	0.023434
0.013000	0.025336	0.025337
0.014000	0.027230	0.027232
0.015000	0.029118	0.029119
0.016000	0.030998	0.030999
0.017000	0.032870	0.032872
0.018000	0.034735	0.034737
0.019000	0.036592	0.036595
0.020000	0.038442	0.038445
0.021000	0.040284	0.040288
0.022000	0.042120	0.042123
0.023000	0.043947	0.043951
0.024000	0.045768	0.045772
0.025000	0.047581	0.047586
0.026000	0.049387	0.049392
0.027000	0.051186	0.051191
0.028000	0.052978	0.052983
0.029000	0.054762	0.054768
0.030000	0.056540	0.056546
0.031000	0.058310	0.058317
0.032000	0.060073	0.060080
0.033000	0.061830	0.061837
0.034000	0.063579	0.063587
0.035000	0.065321	0.065329
0.036000	0.067056	0.067065
0.037000	0.068784	0.068794
0.038000	0.070506	0.070516
0.039000	0.072220	0.072231
0.040000	0.073928	0.073939
0.041000	0.075629	0.075640
0.042000	0.077323	0.077335
0.043000	0.079010	0.079023
0.044000	0.080691	0.080704
0.045000	0.082365	0.082378
0.046000	0.084032	0.084046
0.047000	0.085693	0.085707
0.048000	0.087347	0.087362
0.049000	0.088994	0.089009
0.050000	0.090635	0.090651
0.051000	0.092269	0.092286
0.052000	0.093896	0.093914
0.053000	0.095518	0.095536
0.054000	0.097132	0.097151
0.055000	0.098741	0.098760
0.056000	0.100342	0.100362
0.057000	0.101938	0.101958
0.058000	0.103527	0.103548
0.059000	0.105110	0.105131
0.060000	0.106686	0.106708
0.061000	0.108256	0.108279
0.062000	0.109820	0.109844
0.063000	0.111378	0.111402
0.064000	0.112929	0.112954
0.065000	0.114474	0.114500
0.066000	0.116013	0.116040
0.067000	0.117546	0.117573
0.068000	0.119073	0.119101
0.069000	0.120594	0.120622
0.070000	0.122108	0.122137
0.071000	0.123617	0.123647
0.072000	0.125119	0.125150
0.073000	0.126616	0.126647
0.074000	0.128106	0.128138
0.075000	0.129591	0.129624
0.076000	0.131070	0.131103
0.077000	0.132542	0.132577
0.078000	0.134009	0.134044
0.079000	0.135470	0.135506
0.080000	0.136925	0.136962
0.081000	0.138375	0.138412
0.082000	0.139818	0.139856
0.083000	0.141256	0.141295
0.084000	0.142688	0.142728
0.085000	0.144115	0.144155
0.086000	0.145536	0.145577
0.087000	0.146951	0.146992
0.088000	0.148360	0.148403
0.089000	0.149764	0.149807
0.090000	0.151162	0.151206
0.091000	0.152554	0.152599
0.092000	0.153941	0.153987
0.093000	0.155323	0.155369
0.094000	0.156699	0.156746
0.095000	0.158069	0.158117
0.096000	0.159434	0.159483
0.097000	0.160794	0.160844
0.098000	0.162148	0.162198
0.099000	0.163497	0.163548
0.100000	0.164840	0.164892
0.101000	0.166178	0.166231
0.102000	0.167511	0.167564
0.103000	0.168838	0.168892
0.104000	0.170160	0.170215
0.105000	0.171477	0.171533
0.106000	0.172788	0.172845
0.107000	0.174094	0.174152
0.108000	0.175395	0.175454
0.109000	0.176691	0.176751
0.110000	0.177982	0.178042
0.111000	0.179267	0.179328
0.112000	0.180548	0.180610
0.113000	0.181823	0.181886
0.114000	0.183093	0.183157
0.115000	0.184358	0.184423
0.116000	0.185618	0.185683
0.117000	0.186873	0.186939
0.118000	0.188123	0.188190
0.119000	0.189368	0.189436
0.120000	0.190608	0.190677
0.121000	0.191843	0.191913
0.122000	0.193074	0.193144
0.123000	0.194299	0.194370
0.124000	0.195519	0.195591
0.125000	0.196735	0.196807
0.126000	0.197945	0.198019
0.127000	0.199151	0.199226
0.128000	0.200352	0.200427
0.129000	0.201548	0.201624
0.130000	0.202740	0.202817
0.131000	0.203926	0.204004
0.132000	0.205108	0.205187
0.133000	0.206286	0.206365
0.134000	0.207458	0.207538
0.135000	0.208626	0.208707
0.136000	0.209789	0.209871
0.137000	0.210948	0.211030
0.138000	0.212101	0.212185
0.139000	0.213251	0.213335
0.140000	0.214395	0.214481
0.141000	0.215536	0.215622
0.142000	0.216671	0.216758
0.143000	0.217802	0.217890
0.144000	0.218929	0.219017
0.145000	0.220051	0.220140
0.146000	0.221168	0.221258
0.147000	0.222281	0.222372
0.148000	0.223390	0.223482
0.149000	0.224494	0.224587
0.150000	0.225594	0.225687
0.151000	0.226690	0.226784
0.152000	0.227781	0.227876
0.153000	0.228867	0.228963
0.154000	0.229950	0.230046
0.155000	0.231028	0.231125
0.156000	0.232102	0.232200
0.157000	0.233171	0.233270
0.158000	0.234236	0.234336
0.159000	0.235297	0.235398
0.160000	0.236354	0.236455
0.161000	0.237406	0.237508
0.162000	0.238455	0.238557
0.163000	0.239499	0.239602
0.164000	0.240539	0.240643
0.165000	0.241574	0.241679
0.166000	0.242606	0.242712
0.167000	0.243633	0.243740
0.168000	0.244657	0.244764
0.169000	0.245676	0.245784
0.170000	0.246692	0.246801
0.171000	0.247703	0.247812
0.172000	0.248710	0.248820
0.173000	0.249713	0.249824
0.174000	0.250712	0.250824
0.175000	0.251707	0.251820
0.176000	0.252699	0.252812
0.177000	0.253686	0.253800
0.178000	0.254669	0.254784
0.179000	0.255648	0.255764
0.180000	0.256624	0.256740
0.181000	0.257595	0.257713
0.182000	0.258563	0.258681
0.183000	0.259527	0.259646
0.184000	0.260487	0.260606
0.185000	0.261443	0.261563
0.186000	0.262395	0.262516
0.187000	0.263344	0.263465
0.188000	0.264289	0.264411
0.189000	0.265230	0.265353
0.190000	0.266167	0.266291
0.191000	0.267100	0.267225
0.192000	0.268030	0.268155
0.193000	0.268956	0.269082
0.194000	0.269878	0.270005
0.195000	0.270797	0.270924
0.196000	0.271712	0.271840
0.197000	0.272623	0.272752
0.198000	0.273531	0.273660
0.199000	0.274435	0.274565
0.200000	0.275336	0.275466
0.201000	0.276232	0.276364
0.202000	0.277126	0.277258
0.203000	0.278015	0.278148
0.204000	0.278902	0.279035
0.205000	0.279784	0.279918
0.206000	0.280663	0.280798
0.207000	0.281539	0.281674
0.208000	0.282411	0.282547
0.209000	0.283280	0.283416
0.210000	0.284145	0.284282
0.211000	0.285006	0.285144
0.212000	0.285865	0.286003
0.213000	0.286720	0.286859
0.214000	0.287571	0.287711
0.215000	0.288419	0.288559
0.216000	0.289264	0.289405
0.217000	0.290105	0.290246
0.218000	0.290943	0.291085
0.219000	0.291777	0.291920
0.220000	0.292609	0.292752
0.221000	0.293436	0.293580
0.222000	0.294261	0.294406
0.223000	0.295082	0.295228
0.224000	0.295900	0.296046
0.225000	0.296715	0.296861
0.226000	0.297527	0.297674
0.227000	0.298335	0.298482
0.228000	0.299140	0.299288
0.229000	0.299942	0.300090
0.230000	0.300740	0.300890
0.231000	0.301536	0.301686
0.232000	0.302328	0.302478
0.233000	0.303117	0.303268
0.234000	0.303903	0.304055
0.235000	0.304686	0.304838
0.236000	0.305466	0.305618
0.237000	0.306242	0.306395
0.238000	0.307016	0.307169
0.239000	0.307786	0.307940
0.240000	0.308554	0.308708
0.241000	0.309318	0.309473
0.242000	0.310079	0.310235
0.243000	0.310837	0.310993
0.244000	0.311592	0.311749
0.245000	0.312344	0.312502
0.246000	0.313094	0.313251
0.247000	0.313840	0.313998
0.248000	0.314583	0.314742
0.249000	0.315323	0.315482
0.250000	0.316060	0.316220
0.251000	0.316795	0.316955
0.252000	0.317526	0.317687
0.253000	0.318254	0.318415
0.254000	0.318980	0.319141
0.255000	0.319703	0.319865
0.256000	0.320422	0.320585
0.257000	0.321139	0.321302
0.258000	0.321853	0.322017
0.259000	0.322564	0.322728
0.260000	0.323273	0.323437
0.261000	0.323978	0.324143
0.262000	0.324681	0.324846
0.263000	0.325381	0.325546
0.264000	0.326078	0.326244
0.265000	0.326772	0.326939
0.266000	0.327464	0.327630
0.267000	0.328152	0.328320
0.268000	0.328838	0.329006
0.269000	0.329522	0.329690
0.270000	0.330202	0.330371
0.271000	0.330880	0.331049
0.272000	0.331555	0.331725
0.273000	0.332228	0.332397
0.274000	0.332897	0.333067
0.275000	0.333564	0.333735
0.276000	0.334229	0.334400
0.277000	0.334891	0.335062
0.278000	0.335550	0.335721
0.279000	0.336206	0.336378
0.280000	0.336860	0.337032
0.281000	0.337511	0.337684
0.282000	0.338160	0.338333
0.283000	0.338806	0.338980
0.284000	0.339450	0.339623
0.285000	0.340090	0.340265
0.286000	0.340729	0.340903
0.287000	0.341365	0.341539
0.288000	0.341998	0.342173
0.289000	0.342629	0.342804
0.290000	0.343257	0.343433
0.291000	0.343883	0.344059
0.292000	0.344506	0.344682
0.293000	0.345127	0.345303
0.294000	0.345745	0.345922
0.295000	0.346361	0.346538
0.296000	0.346974	0.347152
0.297000	0.347585	0.347763
0.298000	0.348193	0.348372
0.299000	0.348799	0.348978
0.300000	0.349403	0.349582
0.301000	0.350004	0.350183
0.302000	0.350603	0.350782
0.303000	0.351199	0.351379
0.304000	0.351793	0.351973
0.305000	0.352385	0.352565
0.306000	0.352974	0.353155
0.307000	0.353561	0.353742
0.308000	0.354146	0.354327
0.309000	0.354728	0.354909
0.310000	0.355308	0.355490
0.311000	0.355886	0.356067
0.312000	0.356461	0.356643
0.313000	0.357034	0.357216
0.314000	0.357605	0.357787
0.315000	0.358173	0.358356
0.316000	0.358739	0.358922
0.317000	0.359303	0.359486
0.318000	0.359865	0.360048
0.319000	0.360424	0.360608
0.320000	0.360981	0.361165
0.321000	0.361536	0.361721
0.322000	0.362089	0.362273
0.323000	0.362640	0.362824
0.324000	0.363188	0.363373
0.325000	0.363734	0.363919
0.326000	0.364278	0.364463
0.327000	0.364820	0.365005
0.328000	0.365360	0.365545
0.329000	0.365897	0.366083
0.330000	0.366432	0.366618
0.331000	0.366966	0.367152
0.332000	0.367497	0.367683
0.333000	0.368026	0.368212
0.334000	0.368552	0.368739
0.335000	0.369077	0.369264
0.336000	0.369600	0.369787
0.337000	0.370120	0.370308
0.338000	0.370639	0.370826
0.339000	0.371155	0.371343
0.340000	0.371670	0.371857
0.341000	0.372182	0.372370
0.342000	0.372692	0.372880
0.343000	0.373200	0.373388
0.344000	0.373707	0.373895
0.345000	0.374211	0.374399
0.346000	0.374713	0.374901
0.347000	0.375213	0.375402
0.348000	0.375711	0.375900
0.349000	0.376207	0.376396
0.350000	0.376702	0.376891
0.351000	0.377194	0.377383
0.352000	0.377684	0.377873
0.353000	0.378172	0.378362
0.354000	0.378659	0.378848
0.355000	0.379143	0.379333
0.356000	0.379625	0.379815
0.357000	0.380106	0.380296
0.358000	0.380585	0.380774
0.359000	0.381061	0.381251
0.360000	0.381536	0.381726
0.361000	0.382009	0.382199
0.362000	0.382480	0.382670
0.363000	0.382949	0.383139
0.364000	0.383416	0.383607
0.365000	0.383882	0.384072
0.366000	0.384345	0.384536
0.367000	0.384807	0.384998
0.368000	0.385267	0.385458
0.369000	0.385725	0.385916
0.370000	0.386181	0.386372
0.371000	0.386636	0.386826
0.372000	0.387088	0.387279
0.373000	0.387539	0.387730
0.374000	0.387988	0.388179
0.375000	0.388435	0.388626
0.376000	0.388880	0.389071
0.377000	0.389324	0.389515
0.378000	0.389766	0.389957
0.379000	0.390206	0.390397
0.380000	0.390644	0.390835
0.381000	0.391081	0.391272
0.382000	0.391515	0.391707
0.383000	0.391948	0.392140
0.384000	0.392380	0.392571
0.385000	0.392809	0.393001
0.386000	0.393237	0.393429
0.387000	0.393664	0.393855
0.388000	0.394088	0.394279
0.389000	0.394511	0.394702
0.390000	0.394932	0.395123
0.391000	0.395351	0.395543
0.392000	0.395769	0.395961
0.393000	0.396185	0.396377
0.394000	0.396600	0.396791
0.395000	0.397012	0.397204
0.396000	0.397424	0.397615
0.397000	0.397833	0.398024
0.398000	0.398241	0.398432
0.399000	0.398647	0.398838
0.400000	0.399052	0.399243
0.401000	0.399455	0.399646
0.402000	0.399856	0.400047
0.403000	0.400256	0.400447
0.404000	0.400654	0.400845
0.405000	0.401051	0.401242
0.406000	0.401446	0.401637
0.407000	0.401839	0.402030
0.408000	0.402231	0.402422
0.409000	0.402621	0.402812
0.410000	0.403010	0.403201
0.411000	0.403397	0.403588
0.412000	0.403783	0.403974
0.413000	0.404167	0.404358
0.414000	0.404549	0.404740
0.415000	0.404931	0.405121
0.416000	0.405310	0.405501
0.417000	0.405688	0.405879
0.418000	0.406065	0.406255
0.419000	0.406440	0.406630
0.420000	0.406813	0.407003
0.421000	0.407185	0.407375
0.422000	0.407556	0.407746
0.423000	0.407925	0.408115
0.424000	0.408292	0.408482
0.425000	0.408658	0.408848
0.426000	0.409023	0.409213
0.427000	0.409386	0.409576
0.428000	0.409748	0.409938
0.429000	0.410108	0.410298
0.430000	0.410467	0.410657
0.431000	0.410824	0.411014
0.432000	0.411180	0.411370
0.433000	0.411535	0.411724
0.434000	0.411888	0.412077
0.435000	0.412240	0.412429
0.436000	0.412590	0.412779
0.437000	0.412939	0.413128
0.438000	0.413287	0.413476
0.439000	0.413633	0.413822
0.440000	0.413978	0.414166
0.441000	0.414321	0.414510
0.442000	0.414663	0.414851
0.443000	0.415004	0.415192
0.444000	0.415343	0.415531
0.445000	0.415681	0.415869
0.446000	0.416018	0.416206
0.447000	0.416353	0.416541
0.448000	0.416687	0.416875
0.449000	0.417019	0.417207
0.450000	0.417351	0.417538
0.451000	0.417680	0.417868
0.452000	0.418009	0.418196
0.453000	0.418336	0.418524
0.454000	0.418662	0.418849
0.455000	0.418987	0.419174
0.456000	0.419311	0.419497
0.457000	0.419633	0.419819
0.458000	0.419953	0.420140
0.459000	0.420273	0.420459
0.460000	0.420591	0.420778
0.461000	0.420908	0.421094
0.462000	0.421224	0.421410
0.463000	0.421538	0.421724
0.464000	0.421852	0.422037
0.465000	0.422164	0.422349
0.466000	0.422474	0.422660
0.467000	0.422784	0.422969
0.468000	0.423092	0.423277
0.469000	0.423399	0.423584
0.470000	0.423705	0.423890
0.471000	0.424010	0.424194
0.472000	0.424313	0.424497
0.473000	0.424615	0.424799
0.474000	0.424916	0.425100
0.475000	0.425216	0.425400
0.476000	0.425514	0.425698
0.477000	0.425812	0.425995
0.478000	0.426108	0.426291
0.479000	0.426403	0.426586
0.480000	0.426697	0.426880
0.481000	0.426989	0.427172
0.482000	0.427281	0.427463
0.483000	0.427571	0.427753
0.484000	0.427860	0.428042
0.485000	0.428148	0.428330
0.486000	0.428435	0.428617
0.487000	0.428721	0.428902
0.488000	0.429005	0.429187
0.489000	0.429289	0.429470
0.490000	0.429571	0.429752
0.491000	0.429852	0.430033
0.492000	0.430132	0.430313
0.493000	0.430411	0.430592
0.494000	0.430689	0.430869
0.495000	0.430965	0.431146
0.496000	0.431241	0.431421
0.497000	0.431515	0.431695
0.498000	0.431789	0.431969
0.499000	0.432061	0.432241
0.500000	0.432332	0.432512
0.501000	0.432602	0.432782
0.502000	0.432872	0.433051
0.503000	0.433140	0.433318
0.504000	0.433406	0.433585
0.505000	0.433672	0.433851
0.506000	0.433937	0.434115
0.507000	0.434201	0.434379
0.508000	0.434463	0.434641
0.509000	0.434725	0.434903
0.510000	0.434986	0.435163
0.511000	0.435245	0.435422
0.512000	0.435504	0.435681
0.513000	0.435761	0.435938
0.514000	0.436018	0.436194
0.515000	0.436273	0.436449
0.516000	0.436527	0.436704
0.517000	0.436781	0.436957
0.518000	0.437033	0.437209
0.519000	0.437285	0.437460
0.520000	0.437535	0.437710
0.521000	0.437784	0.437959
0.522000	0.438033	0.438207
0.523000	0.438280	0.438455
0.524000	0.438526	0.438701
0.525000	0.438772	0.438946
0.526000	0.439016	0.439190
0.527000	0.439260	0.439433
0.528000	0.439502	0.439676
0.529000	0.439744	0.439917
0.530000	0.439984	0.440157
0.531000	0.440224	0.440397
0.532000	0.440462	0.440635
0.533000	0.440700	0.440872
0.534000	0.440937	0.441109
0.535000	0.441173	0.441345
0.536000	0.441407	0.441579
0.537000	0.441641	0.441813
0.538000	0.441874	0.442046
0.539000	0.442106	0.442277
0.540000	0.442337	0.442508
0.541000	0.442568	0.442738
0.542000	0.442797	0.442967
0.543000	0.443025	0.443195
0.544000	0.443253	0.443423
0.545000	0.443479	0.443649
0.546000	0.443705	0.443874
0.547000	0.443930	0.444099
0.548000	0.444153	0.444322
0.549000	0.444376	0.444545
0.550000	0.444598	0.444767
0.551000	0.444820	0.444988
0.552000	0.445040	0.445208
0.553000	0.445259	0.445427
0.554000	0.445478	0.445645
0.555000	0.445695	0.445863
0.556000	0.445912	0.446079
0.557000	0.446128	0.446295
0.558000	0.446343	0.446510
0.559000	0.446557	0.446724
0.560000	0.446771	0.446937
0.561000	0.446983	0.447149
0.562000	0.447195	0.447360
0.563000	0.447406	0.447571
0.564000	0.447616	0.447781
0.565000	0.447825	0.447989
0.566000	0.448033	0.448198
0.567000	0.448240	0.448405
0.568000	0.448447	0.448611
0.569000	0.448653	0.448817
0.570000	0.448858	0.449021
0.571000	0.449062	0.449225
0.572000	0.449265	0.449428
0.573000	0.449468	0.449631
0.574000	0.449670	0.449832
0.575000	0.449871	0.450033
0.576000	0.450071	0.450233
0.577000	0.450270	0.450432
0.578000	0.450469	0.450630
0.579000	0.450666	0.450827
0.580000	0.450863	0.451024
0.581000	0.451059	0.451220
0.582000	0.451255	0.451415
0.583000	0.451449	0.451609
0.584000	0.451643	0.451803
0.585000	0.451836	0.451996
0.586000	0.452028	0.452188
0.587000	0.452220	0.452379
0.588000	0.452411	0.452570
0.589000	0.452601	0.452759
0.590000	0.452790	0.452948
0.591000	0.452978	0.453136
0.592000	0.453166	0.453324
0.593000	0.453353	0.453511
0.594000	0.453539	0.453696
0.595000	0.453725	0.453882
0.596000	0.453909	0.454066
0.597000	0.454093	0.454250
0.598000	0.454277	0.454433
0.599000	0.454459	0.454615
0.600000	0.454641	0.454797
0.601000	0.454822	0.454977
0.602000	0.455002	0.455158
0.603000	0.455182	0.455337
0.604000	0.455361	0.455516
0.605000	0.455539	0.455694
0.606000	0.455717	0.455871
0.607000	0.455893	0.456047
0.608000	0.456070	0.456223
0.609000	0.456245	0.456398
0.610000	0.456420	0.456573
0.611000	0.456594	0.456746
0.612000	0.456767	0.456919
0.613000	0.456939	0.457092
0.614000	0.457111	0.457263
0.615000	0.457283	0.457434
0.616000	0.457453	0.457604
0.617000	0.457623	0.457774
0.618000	0.457792	0.457943
0.619000	0.457961	0.458111
0.620000	0.458128	0.458279
0.621000	0.458296	0.458446
0.622000	0.458462	0.458612
0.623000	0.458628	0.458777
0.624000	0.458793	0.458942
0.625000	0.458958	0.459106
0.626000	0.459121	0.459270
0.627000	0.459285	0.459433
0.628000	0.459447	0.459595
0.629000	0.459609	0.459757
0.630000	0.459770	0.459918
0.631000	0.459931	0.460078
0.632000	0.460091	0.460238
0.633000	0.460250	0.460397
0.634000	0.460409	0.460555
0.635000	0.460567	0.460713
0.636000	0.460724	0.460870
0.637000	0.460881	0.461027
0.638000	0.461037	0.461183
0.639000	0.461193	0.461338
0.640000	0.461348	0.461492
0.641000	0.461502	0.461646
0.642000	0.461656	0.461800
0.643000	0.461809	0.461953
0.644000	0.461961	0.462105
0.645000	0.462113	0.462256
0.646000	0.462264	0.462407
0.647000	0.462415	0.462558
0.648000	0.462565	0.462708
0.649000	0.462714	0.462857
0.650000	0.462863	0.463005
0.651000	0.463011	0.463153
0.652000	0.463159	0.463301
0.653000	0.463306	0.463447
0.654000	0.463453	0.463594
0.655000	0.463599	0.463739
0.656000	0.463744	0.463884
0.657000	0.463889	0.464029
0.658000	0.464033	0.464173
0.659000	0.464176	0.464316
0.660000	0.464319	0.464459
0.661000	0.464462	0.464601
0.662000	0.464604	0.464742
0.663000	0.464745	0.464883
0.664000	0.464886	0.465024
0.665000	0.465026	0.465164
0.666000	0.465166	0.465303
0.667000	0.465305	0.465442
0.668000	0.465443	0.465580
0.669000	0.465581	0.465718
0.670000	0.465718	0.465855
0.671000	0.465855	0.465992
0.672000	0.465992	0.466128
0.673000	0.466127	0.466263
0.674000	0.466263	0.466398
0.675000	0.466397	0.466532
0.676000	0.466531	0.466666
0.677000	0.466665	0.466800
0.678000	0.466798	0.466932
0.679000	0.466931	0.467065
0.680000	0.467063	0.467196
0.681000	0.467194	0.467328
0.682000	0.467325	0.467458
0.683000	0.467456	0.467589
0.684000	0.467585	0.467718
0.685000	0.467715	0.467847
0.686000	0.467844	0.467976
0.687000	0.467972	0.468104
0.688000	0.468100	0.468232
0.689000	0.468227	0.468359
0.690000	0.468354	0.468485
0.691000	0.468480	0.468611
0.692000	0.468606	0.468737
0.693000	0.468732	0.468862
0.694000	0.468856	0.468986
0.695000	0.468981	0.469110
0.696000	0.469105	0.469234
0.697000	0.469228	0.469357
0.698000	0.469351	0.469480
0.699000	0.469473	0.469602
0.700000	0.469595	0.469723
0.701000	0.469716	0.469844
0.702000	0.469837	0.469965
0.703000	0.469958	0.470085
0.704000	0.470078	0.470205
0.705000	0.470197	0.470324
0.706000	0.470316	0.470443
0.707000	0.470435	0.470561
0.708000	0.470553	0.470679
0.709000	0.470670	0.470796
0.710000	0.470787	0.470913
0.711000	0.470904	0.471029
0.712000	0.471020	0.471145
0.713000	0.471136	0.471260
0.714000	0.471251	0.471375
0.715000	0.471366	0.471490
0.716000	0.471480	0.471604
0.717000	0.471594	0.471718
0.718000	0.471707	0.471831
0.719000	0.471820	0.471943
0.720000	0.471933	0.472056
0.721000	0.472045	0.472167
0.722000	0.472156	0.472279
0.723000	0.472267	0.472390
0.724000	0.472378	0.472500
0.725000	0.472488	0.472610
0.726000	0.472598	0.472720
0.727000	0.472708	0.472829
0.728000	0.472817	0.472937
0.729000	0.472925	0.473046
0.730000	0.473033	0.473153
0.731000	0.473141	0.473261
0.732000	0.473248	0.473368
0.733000	0.473355	0.473474
0.734000	0.473461	0.473580
0.735000	0.473567	0.473686
0.736000	0.473673	0.473791
0.737000	0.473778	0.473896
0.738000	0.473882	0.474001
0.739000	0.473987	0.474105
0.740000	0.474091	0.474208
0.741000	0.474194	0.474311
0.742000	0.474297	0.474414
0.743000	0.474400	0.474516
0.744000	0.474502	0.474618
0.745000	0.474604	0.474720
0.746000	0.474705	0.474821
0.747000	0.474806	0.474922
0.748000	0.474907	0.475022
0.749000	0.475007	0.475122
0.750000	0.475106	0.475221
0.751000	0.475206	0.475321
0.752000	0.475305	0.475419
0.753000	0.475403	0.475518
0.754000	0.475502	0.475616
0.755000	0.475599	0.475713
0.756000	0.475697	0.475810
0.757000	0.475794	0.475907
0.758000	0.475890	0.476003
0.759000	0.475987	0.476099
0.760000	0.476083	0.476195
0.761000	0.476178	0.476290
0.762000	0.476273	0.476385
0.763000	0.476368	0.476479
0.764000	0.476462	0.476574
0.765000	0.476556	0.476667
0.766000	0.476650	0.476761
0.767000	0.476743	0.476854
0.768000	0.476836	0.476946
0.769000	0.476928	0.477038
0.770000	0.477020	0.477130
0.771000	0.477112	0.477222
0.772000	0.477203	0.477313
0.773000	0.477294	0.477403
0.774000	0.477385	0.477494
0.775000	0.477475	0.477584
0.776000	0.477565	0.477674
0.777000	0.477655	0.477763
0.778000	0.477744	0.477852
0.779000	0.477833	0.477940
0.780000	0.477921	0.478029
0.781000	0.478010	0.478117
0.782000	0.478097	0.478204
0.783000	0.478185	0.478291
0.784000	0.478272	0.478378
0.785000	0.478359	0.478465
0.786000	0.478445	0.478551
0.787000	0.478531	0.478637
0.788000	0.478617	0.478722
0.789000	0.478702	0.478807
0.790000	0.478787	0.478892
0.791000	0.478872	0.478976
0.792000	0.478956	0.479060
0.793000	0.479040	0.479144
0.794000	0.479124	0.479228
0.795000	0.479207	0.479311
0.796000	0.479290	0.479393
0.797000	0.479373	0.479476
0.798000	0.479455	0.479558
0.799000	0.479537	0.479640
0.800000	0.479619	0.479721
0.801000	0.479700	0.479802
0.802000	0.479781	0.479883
0.803000	0.479862	0.479964
0.804000	0.479942	0.480044
0.805000	0.480022	0.480123
0.806000	0.480102	0.480203
0.807000	0.480182	0.480282
0.808000	0.480261	0.480361
0.809000	0.480340	0.480440
0.810000	0.480418	0.480518
0.811000	0.480496	0.480596
0.812000	0.480574	0.480673
0.813000	0.480652	0.480751
0.814000	0.480729	0.480828
0.815000	0.480806	0.480904
0.816000	0.480882	0.480981
0.817000	0.480959	0.481057
0.818000	0.481035	0.481133
0.819000	0.481110	0.481208
0.820000	0.481186	0.481283
0.821000	0.481261	0.481358
0.822000	0.481336	0.481433
0.823000	0.481410	0.481507
0.824000	0.481485	0.481581
0.825000	0.481558	0.481655
0.826000	0.481632	0.481728
0.827000	0.481705	0.481801
0.828000	0.481778	0.481874
0.829000	0.481851	0.481946
0.830000	0.481924	0.482019
0.831000	0.481996	0.482090
0.832000	0.482068	0.482162
0.833000	0.482139	0.482233
0.834000	0.482211	0.482305
0.835000	0.482282	0.482375
0.836000	0.482352	0.482446
0.837000	0.482423	0.482516
0.838000	0.482493	0.482586
0.839000	0.482563	0.482656
0.840000	0.482632	0.482725
0.841000	0.482702	0.482794
0.842000	0.482771	0.482863
0.843000	0.482840	0.482931
0.844000	0.482908	0.483000
0.845000	0.482976	0.483068
0.846000	0.483044	0.483135
0.847000	0.483112	0.483203
0.848000	0.483179	0.483270
0.849000	0.483246	0.483337
0.850000	0.483313	0.483404
0.851000	0.483380	0.483470
0.852000	0.483446	0.483536
0.853000	0.483512	0.483602
0.854000	0.483578	0.483668
0.855000	0.483644	0.483733
0.856000	0.483709	0.483798
0.857000	0.483774	0.483863
0.858000	0.483839	0.483927
0.859000	0.483903	0.483992
0.860000	0.483968	0.484056
0.861000	0.484032	0.484120
0.862000	0.484095	0.484183
0.863000	0.484159	0.484246
0.864000	0.484222	0.484309
0.865000	0.484285	0.484372
0.866000	0.484348	0.484435
0.867000	0.484410	0.484497
0.868000	0.484473	0.484559
0.869000	0.484535	0.484621
0.870000	0.484596	0.484682
0.871000	0.484658	0.484743
0.872000	0.484719	0.484804
0.873000	0.484780	0.484865
0.874000	0.484841	0.484926
0.875000	0.484901	0.484986
0.876000	0.484962	0.485046
0.877000	0.485022	0.485106
0.878000	0.485081	0.485166
0.879000	0.485141	0.485225
0.880000	0.485200	0.485284
0.881000	0.485259	0.485343
0.882000	0.485318	0.485401
0.883000	0.485377	0.485460
0.884000	0.485435	0.485518
0.885000	0.485493	0.485576
0.886000	0.485551	0.485634
0.887000	0.485609	0.485691
0.888000	0.485666	0.485748
0.889000	0.485724	0.485805
0.890000	0.485781	0.485862
0.891000	0.485837	0.485919
0.892000	0.485894	0.485975
0.893000	0.485950	0.486031
0.894000	0.486006	0.486087
0.895000	0.486062	0.486143
0.896000	0.486118	0.486198
0.897000	0.486173	0.486253
0.898000	0.486228	0.486308
0.899000	0.486283	0.486363
0.900000	0.486338	0.486418
0.901000	0.486393	0.486472
0.902000	0.486447	0.486526
0.903000	0.486501	0.486580
0.904000	0.486555	0.486634
0.905000	0.486609	0.486687
0.906000	0.486662	0.486740
0.907000	0.486715	0.486793
0.908000	0.486768	0.486846
0.909000	0.486821	0.486899
0.910000	0.486874	0.486951
0.911000	0.486926	0.487003
0.912000	0.486978	0.487055
0.913000	0.487030	0.487107
0.914000	0.487082	0.487159
0.915000	0.487134	0.487210
0.916000	0.487185	0.487261
0.917000	0.487236	0.487312
0.918000	0.487287	0.487363
0.919000	0.487338	0.487413
0.920000	0.487389	0.487464
0.921000	0.487439	0.487514
0.922000	0.487489	0.487564
0.923000	0.487539	0.487614
0.924000	0.487589	0.487663
0.925000	0.487638	0.487713
0.926000	0.487688	0.487762
0.927000	0.487737	0.487811
0.928000	0.487786	0.487859
0.929000	0.487834	0.487908
0.930000	0.487883	0.487956
0.931000	0.487931	0.488005
0.932000	0.487980	0.488052
0.933000	0.488028	0.488100
0.934000	0.488075	0.488148
0.935000	0.488123	0.488195
0.936000	0.488170	0.488243
0.937000	0.488218	0.488290
0.938000	0.488265	0.488336
0.939000	0.488311	0.488383
0.940000	0.488358	0.488430
0.941000	0.488405	0.488476
0.942000	0.488451	0.488522
0.943000	0.488497	0.488568
0.944000	0.488543	0.488614
0.945000	0.488589	0.488659
0.946000	0.488634	0.488704
0.947000	0.488680	0.488750
0.948000	0.488725	0.488795
0.949000	0.488770	0.488839
0.950000	0.488815	0.488884
0.951000	0.488859	0.488929
0.952000	0.488904	0.488973
0.953000	0.488948	0.489017
0.954000	0.488992	0.489061
0.955000	0.489036	0.489105
0.956000	0.489080	0.489148
0.957000	0.489123	0.489192
0.958000	0.489167	0.489235
0.959000	0.489210	0.489278
0.960000	0.489253	0.489321
0.961000	0.489296	0.489364
0.962000	0.489339	0.489406
0.963000	0.489381	0.489448
0.964000	0.489424	0.489491
0.965000	0.489466	0.489533
0.966000	0.489508	0.489575
0.967000	0.489550	0.489616
0.968000	0.489592	0.489658
0.969000	0.489633	0.489699
0.970000	0.489675	0.489740
0.971000	0.489716	0.489781
0.972000	0.489757	0.489822
0.973000	0.489798	0.489863
0.974000	0.489838	0.489904
0.975000	0.489879	0.489944
0.976000	0.489919	0.489984
0.977000	0.489960	0.490024
0.978000	0.490000	0.490064
0.979000	0.490040	0.490104
0.980000	0.490079	0.490143
0.981000	0.490119	0.490183
0.982000	0.490159	0.490222
0.983000	0.490198	0.490261
0.984000	0.490237	0.490300
0.985000	0.490276	0.490339
0.986000	0.490315	0.490378
0.987000	0.490353	0.490416
0.988000	0.490392	0.490454
0.989000	0.490430	0.490493
0.990000	0.490468	0.490531
0.991000	0.490506	0.490569
0.992000	0.490544	0.490606
0.993000	0.490582	0.490644
0.994000	0.490620	0.490681
0.995000	0.490657	0.490719
0.996000	0.490694	0.490756
0.997000	0.490732	0.490793
0.998000	0.490769	0.490829
0.999000	0.490805	0.490866
1.000000	0.490842	0.490903
1.001000	0.490879	0.490939
1.002000	0.490915	0.490975
1.003000	0.490951	0.491011
1.004000	0.490988	0.491047
1.005000	0.491024	0.491083
1.006000	0.491059	0.491119
1.007000	0.491095	0.491154
1.008000	0.491131	0.491190
1.009000	0.491166	0.491225
1.010000	0.491201	0.491260
1.011000	0.491236	0.491295
1.012000	0.491271	0.491330
1.013000	0.491306	0.491365
1.014000	0.491341	0.491399
1.015000	0.491375	0.491434
1.016000	0.491410	0.491468
1.017000	0.491444	0.491502
1.018000	0.491478	0.491536
1.019000	0.491512	0.491570
1.020000	0.491546	0.491603
1.021000	0.491580	0.491637
1.022000	0.491614	0.491671
1.023000	0.491647	0.491704
1.024000	0.491680	0.491737
1.025000	0.491714	0.491770
1.026000	0.491747	0.491803
1.027000	0.491780	0.491836
1.028000	0.491813	0.491868
1.029000	0.491845	0.491901
1.030000	0.491878	0.491933
1.031000	0.491910	0.491966
1.032000	0.491942	0.491998
1.033000	0.491975	0.492030
1.034000	0.492007	0.492062
1.035000	0.492039	0.492093
1.036000	0.492070	0.492125
1.037000	0.492102	0.492157
1.038000	0.492134	0.492188
1.039000	0.492165	0.492219
1.040000	0.492196	0.492250
1.041000	0.492227	0.492281
1.042000	0.492258	0.492312
1.043000	0.492289	0.492343
1.044000	0.492320	0.492374
1.045000	0.492351	0.492404
1.046000	0.492381	0.492434
1.047000	0.492412	0.492465
1.048000	0.492442	0.492495
1.049000	0.492472	0.492525
1.050000	0.492502	0.492555
1.051000	0.492532	0.492585
1.052000	0.492562	0.492614
1.053000	0.492592	0.492644
1.054000	0.492621	0.492673
1.055000	0.492651	0.492702
1.056000	0.492680	0.492732
1.057000	0.492709	0.492761
1.058000	0.492738	0.492790
1.059000	0.492767	0.492819
1.060000	0.492796	0.492847
1.061000	0.492825	0.492876
1.062000	0.492854	0.492904
1.063000	0.492882	0.492933
1.064000	0.492911	0.492961
1.065000	0.492939	0.492989
1.066000	0.492967	0.493017
1.067000	0.492995	0.493045
1.068000	0.493023	0.493073
1.069000	0.493051	0.493101
1.070000	0.493079	0.493128
1.071000	0.493106	0.493156
1.072000	0.493134	0.493183
1.073000	0.493161	0.493210
1.074000	0.493189	0.493238
1.075000	0.493216	0.493265
1.076000	0.493243	0.493292
1.077000	0.493270	0.493318
1.078000	0.493297	0.493345
1.079000	0.493323	0.493372
1.080000	0.493350	0.493398
1.081000	0.493377	0.493425
1.082000	0.493403	0.493451
1.083000	0.493429	0.493477
1.084000	0.493456	0.493503
1.085000	0.493482	0.493529
1.086000	0.493508	0.493555
1.087000	0.493534	0.493581
1.088000	0.493559	0.493607
1.089000	0.493585	0.493632
1.090000	0.493611	0.493658
1.091000	0.493636	0.493683
1.092000	0.493662	0.493708
1.093000	0.493687	0.493733
1.094000	0.493712	0.493758
1.095000	0.493737	0.493783
1.096000	0.493762	0.493808
1.097000	0.493787	0.493833
1.098000	0.493812	0.493858
1.099000	0.493837	0.493882
1.100000	0.493861	0.493907
1.101000	0.493886	0.493931
1.102000	0.493910	0.493955
1.103000	0.493935	0.493980
1.104000	0.493959	0.494004
1.105000	0.493983	0.494028
1.106000	0.494007	0.494052
1.107000	0.494031	0.494075
1.108000	0.494055	0.494099
1.109000	0.494078	0.494123
1.110000	0.494102	0.494146
1.111000	0.494126	0.494170
1.112000	0.494149	0.494193
1.113000	0.494172	0.494216
1.114000	0.494196	0.494239
1.115000	0.494219	0.494262
1.116000	0.494242	0.494285
1.117000	0.494265	0.494308
1.118000	0.494288	0.494331
1.119000	0.494311	0.494354
1.120000	0.494333	0.494376
1.121000	0.494356	0.494399
1.122000	0.494378	0.494421
1.123000	0.494401	0.494443
1.124000	0.494423	0.494466
1.125000	0.494446	0.494488
1.126000	0.494468	0.494510
1.127000	0.494490	0.494532
1.128000	0.494512	0.494554
1.129000	0.494534	0.494575
1.130000	0.494555	0.494597
1.131000	0.494577	0.494619
1.132000	0.494599	0.494640
1.133000	0.494620	0.494662
1.134000	0.494642	0.494683
1.135000	0.494663	0.494704
1.136000	0.494685	0.494725
1.137000	0.494706	0.494747
1.138000	0.494727	0.494768
1.139000	0.494748	0.494789
1.140000	0.494769	0.494809
1.141000	0.494790	0.494830
1.142000	0.494811	0.494851
1.143000	0.494831	0.494871
1.144000	0.494852	0.494892
1.145000	0.494873	0.494912
1.146000	0.494893	0.494933
1.147000	0.494913	0.494953
1.148000	0.494934	0.494973
1.149000	0.494954	0.494993
1.150000	0.494974	0.495013
1.151000	0.494994	0.495033
1.152000	0.495014	0.495053
1.153000	0.495034	0.495073
1.154000	0.495054	0.495093
1.155000	0.495074	0.495112
1.156000	0.495093	0.495132
1.157000	0.495113	0.495151
1.158000	0.495132	0.495171
1.159000	0.495152	0.495190
1.160000	0.495171	0.495209
1.161000	0.495190	0.495228
1.162000	0.495210	0.495247
1.163000	0.495229	0.495266
1.164000	0.495248	0.495285
1.165000	0.495267	0.495304
1.166000	0.495286	0.495323
1.167000	0.495304	0.495342
1.168000	0.495323	0.495360
1.169000	0.495342	0.495379
1.170000	0.495360	0.495397
1.171000	0.495379	0.495416
1.172000	0.495397	0.495434
1.173000	0.495416	0.495452
1.174000	0.495434	0.495471
1.175000	0.495452	0.495489
1.176000	0.495471	0.495507
1.177000	0.495489	0.495525
1.178000	0.495507	0.495543
1.179000	0.495525	0.495560
1.180000	0.495542	0.495578
1.181000	0.495560	0.495596
1.182000	0.495578	0.495614
1.183000	0.495596	0.495631
1.184000	0.495613	0.495649
1.185000	0.495631	0.495666
1.186000	0.495648	0.495683
1.187000	0.495665	0.495701
1.188000	0.495683	0.495718
1.189000	0.495700	0.495735
1.190000	0.495717	0.495752
1.191000	0.495734	0.495769
1.192000	0.495751	0.495786
1.193000	0.495768	0.495803
1.194000	0.495785	0.495820
1.195000	0.495802	0.495836
1.196000	0.495819	0.495853
1.197000	0.495835	0.495870
1.198000	0.495852	0.495886
1.199000	0.495869	0.495902
1.200000	0.495885	0.495919
1.201000	0.495902	0.495935
1.202000	0.495918	0.495951
1.203000	0.495934	0.495968
1.204000	0.495950	0.495984
1.205000	0.495967	0.496000
1.206000	0.495983	0.496016
1.207000	0.495999	0.496032
1.208000	0.496015	0.496048
1.209000	0.496031	0.496063
1.210000	0.496046	0.496079
1.211000	0.496062	0.496095
1.212000	0.496078	0.496111
1.213000	0.496094	0.496126
1.214000	0.496109	0.496142
1.215000	0.496125	0.496157
1.216000	0.496140	0.496172
1.217000	0.496156	0.496188
1.218000	0.496171	0.496203
1.219000	0.496186	0.496218
1.220000	0.496201	0.496233
1.221000	0.496217	0.496248
1.222000	0.496232	0.496263
1.223000	0.496247	0.496278
1.224000	0.496262	0.496293
1.225000	0.496277	0.496308
1.226000	0.496292	0.496323
1.227000	0.496306	0.496337
1.228000	0.496321	0.496352
1.229000	0.496336	0.496367
1.230000	0.496350	0.496381
1.231000	0.496365	0.496396
1.232000	0.496380	0.496410
1.233000	0.496394	0.496424
1.234000	0.496408	0.496439
1.235000	0.496423	0.496453
1.236000	0.496437	0.496467
1.237000	0.496451	0.496481
1.238000	0.496465	0.496495
1.239000	0.496479	0.496509
1.240000	0.496494	0.496523
1.241000	0.496508	0.496537
1.242000	0.496521	0.496551
1.243000	0.496535	0.496565
1.244000	0.496549	0.496579
1.245000	0.496563	0.496592
1.246000	0.496577	0.496606
1.247000	0.496590	0.496620
1.248000	0.496604	0.496633
1.249000	0.496618	0.496647
1.250000	0.496631	0.496660
1.251000	0.496644	0.496673
1.252000	0.496658	0.496687
1.253000	0.496671	0.496700
1.254000	0.496685	0.496713
1.255000	0.496698	0.496726
1.256000	0.496711	0.496739
1.257000	0.496724	0.496752
1.258000	0.496737	0.496765
1.259000	0.496750	0.496778
1.260000	0.496763	0.496791
1.261000	0.496776	0.496804
1.262000	0.496789	0.496817
1.263000	0.496802	0.496830
1.264000	0.496815	0.496842
1.265000	0.496827	0.496855
1.266000	0.496840	0.496867
1.267000	0.496853	0.496880
1.268000	0.496865	0.496892
1.269000	0.496878	0.496905
1.270000	0.496890	0.496917
1.271000	0.496902	0.496930
1.272000	0.496915	0.496942
1.273000	0.496927	0.496954
1.274000	0.496939	0.496966
1.275000	0.496952	0.496978
1.276000	0.496964	0.496991
1.277000	0.496976	0.497003
1.278000	0.496988	0.497015
1.279000	0.497000	0.497026
1.280000	0.497012	0.497038
1.281000	0.497024	0.497050
1.282000	0.497036	0.497062
1.283000	0.497048	0.497074
1.284000	0.497059	0.497085
1.285000	0.497071	0.497097
1.286000	0.497083	0.497109
1.287000	0.497094	0.497120
1.288000	0.497106	0.497132
1.289000	0.497118	0.497143
1.290000	0.497129	0.497155
1.291000	0.497141	0.497166
1.292000	0.497152	0.497177
1.293000	0.497163	0.497189
1.294000	0.497175	0.497200
1.295000	0.497186	0.497211
1.296000	0.497197	0.497222
1.297000	0.497208	0.497233
1.298000	0.497220	0.497245
1.299000	0.497231	0.497256
1.300000	0.497242	0.497267
1.301000	0.497253	0.497277
1.302000	0.497264	0.497288
1.303000	0.497275	0.497299
1.304000	0.497285	0.497310
1.305000	0.497296	0.497321
1.306000	0.497307	0.497331
1.307000	0.497318	0.497342
1.308000	0.497329	0.497353
1.309000	0.497339	0.497363
1.310000	0.497350	0.497374
1.311000	0.497360	0.497384
1.312000	0.497371	0.497395
1.313000	0.497381	0.497405
1.314000	0.497392	0.497416
1.315000	0.497402	0.497426
1.316000	0.497413	0.497436
1.317000	0.497423	0.497447
1.318000	0.497433	0.497457
1.319000	0.497444	0.497467
1.320000	0.497454	0.497477
1.321000	0.497464	0.497487
1.322000	0.497474	0.497497
1.323000	0.497484	0.497507
1.324000	0.497494	0.497517
1.325000	0.497504	0.497527
1.326000	0.497514	0.497537
1.327000	0.497524	0.497547
1.328000	0.497534	0.497557
1.329000	0.497544	0.497566
1.330000	0.497554	0.497576
1.331000	0.497563	0.497586
1.332000	0.497573	0.497596
1.333000	0.497583	0.497605
1.334000	0.497592	0.497615
1.335000	0.497602	0.497624
1.336000	0.497612	0.497634
1.337000	0.497621	0.497643
1.338000	0.497631	0.497653
1.339000	0.497640	0.497662
1.340000	0.497650	0.497671
1.341000	0.497659	0.497681
1.342000	0.497668	0.497690
1.343000	0.497678	0.497699
1.344000	0.497687	0.497708
1.345000	0.497696	0.497718
1.346000	0.497705	0.497727
1.347000	0.497714	0.497736
1.348000	0.497724	0.497745
1.349000	0.497733	0.497754
1.350000	0.497742	0.497763
1.351000	0.497751	0.497772
1.352000	0.497760	0.497781
1.353000	0.497769	0.497790
1.354000	0.497778	0.497799
1.355000	0.497786	0.497807
1.356000	0.497795	0.497816
1.357000	0.497804	0.497825
1.358000	0.497813	0.497834
1.359000	0.497822	0.497842
1.360000	0.497830	0.497851
1.361000	0.497839	0.497859
1.362000	0.497848	0.497868
1.363000	0.497856	0.497876
1.364000	0.497865	0.497885
1.365000	0.497873	0.497893
1.366000	0.497882	0.497902
1.367000	0.497890	0.497910
1.368000	0.497899	0.497919
1.369000	0.497907	0.497927
1.370000	0.497915	0.497935
1.371000	0.497924	0.497944
1.372000	0.497932	0.497952
1.373000	0.497940	0.497960
1.374000	0.497948	0.497968
1.375000	0.497957	0.497976
1.376000	0.497965	0.497984
1.377000	0.497973	0.497992
1.378000	0.497981	0.498000
1.379000	0.497989	0.498008
1.380000	0.497997	0.498016
1.381000	0.498005	0.498024
1.382000	0.498013	0.498032
1.383000	0.498021	0.498040
1.384000	0.498029	0.498048
1.385000	0.498037	0.498056
1.386000	0.498045	0.498064
1.387000	0.498052	0.498071
1.388000	0.498060	0.498079
1.389000	0.498068	0.498087
1.390000	0.498076	0.498094
1.391000	0.498083	0.498102
1.392000	0.498091	0.498110
1.393000	0.498099	0.498117
1.394000	0.498106	0.498125
1.395000	0.498114	0.498132
1.396000	0.498121	0.498140
1.397000	0.498129	0.498147
1.398000	0.498136	0.498154
1.399000	0.498144	0.498162
1.400000	0.498151	0.498169
1.401000	0.498158	0.498176
1.402000	0.498166	0.498184
1.403000	0.498173	0.498191
1.404000	0.498180	0.498198
1.405000	0.498188	0.498205
1.406000	0.498195	0.498213
1.407000	0.498202	0.498220
1.408000	0.498209	0.498227
1.409000	0.498216	0.498234
1.410000	0.498224	0.498241
1.411000	0.498231	0.498248
1.412000	0.498238	0.498255
1.413000	0.498245	0.498262
1.414000	0.498252	0.498269
1.415000	0.498259	0.498276
1.416000	0.498266	0.498283
1.417000	0.498273	0.498290
1.418000	0.498280	0.498297
1.419000	0.498286	0.498303
1.420000	0.498293	0.498310
1.421000	0.498300	0.498317
1.422000	0.498307	0.498324
1.423000	0.498314	0.498330
1.424000	0.498320	0.498337
1.425000	0.498327	0.498344
1.426000	0.498334	0.498350
1.427000	0.498340	0.498357
1.428000	0.498347	0.498364
1.429000	0.498354	0.498370
1.430000	0.498360	0.498377
1.431000	0.498367	0.498383
1.432000	0.498373	0.498390
1.433000	0.498380	0.498396
1.434000	0.498386	0.498402
1.435000	0.498393	0.498409
1.436000	0.498399	0.498415
1.437000	0.498405	0.498422
1.438000	0.498412	0.498428
1.439000	0.498418	0.498434
1.440000	0.498424	0.498440
1.441000	0.498431	0.498447
1.442000	0.498437	0.498453
1.443000	0.498443	0.498459
1.444000	0.498449	0.498465
1.445000	0.498456	0.498471
1.446000	0.498462	0.498477
1.447000	0.498468	0.498484
1.448000	0.498474	0.498490
1.449000	0.498480	0.498496
1.450000	0.498486	0.498502
1.451000	0.498492	0.498508
1.452000	0.498498	0.498514
1.453000	0.498504	0.498520
1.454000	0.498510	0.498525
1.455000	0.498516	0.498531
1.456000	0.498522	0.498537
1.457000	0.498528	0.498543
1.458000	0.498534	0.498549
1.459000	0.498540	0.498555
1.460000	0.498546	0.498561
1.461000	0.498551	0.498566
1.462000	0.498557	0.498572
1.463000	0.498563	0.498578
1.464000	0.498569	0.498583
1.465000	0.498574	0.498589
1.466000	0.498580	0.498595
1.467000	0.498586	0.498600
1.468000	0.498591	0.498606
1.469000	0.498597	0.498612
1.470000	0.498603	0.498617
1.471000	0.498608	0.498623
1.472000	0.498614	0.498628
1.473000	0.498619	0.498634
1.474000	0.498625	0.498639
1.475000	0.498630	0.498645
1.476000	0.498636	0.498650
1.477000	0.498641	0.498655
1.478000	0.498647	0.498661
1.479000	0.498652	0.498666
1.480000	0.498657	0.498671
1.481000	0.498663	0.498677
1.482000	0.498668	0.498682
1.483000	0.498673	0.498687
1.484000	0.498679	0.498693
1.485000	0.498684	0.498698
1.486000	0.498689	0.498703
1.487000	0.498694	0.498708
1.488000	0.498700	0.498713
1.489000	0.498705	0.498718
1.490000	0.498710	0.498724
1.491000	0.498715	0.498729
1.492000	0.498720	0.498734
1.493000	0.498725	0.498739
1.494000	0.498731	0.498744
1.495000	0.498736	0.498749
1.496000	0.498741	0.498754
1.497000	0.498746	0.498759
1.498000	0.498751	0.498764
1.499000	0.498756	0.498769
1.500000	0.498761	0.498774
1.501000	0.498766	0.498779
1.502000	0.498770	0.498784
1.503000	0.498775	0.498788
1.504000	0.498780	0.498793
1.505000	0.498785	0.498798
1.506000	0.498790	0.498803
1.507000	0.498795	0.498808
1.508000	0.498800	0.498812
1.509000	0.498804	0.498817
1.510000	0.498809	0.498822
1.511000	0.498814	0.498827
1.512000	0.498819	0.498831
1.513000	0.498823	0.498836
1.514000	0.498828	0.498841
1.515000	0.498833	0.498845
1.516000	0.498837	0.498850
1.517000	0.498842	0.498855
1.518000	0.498847	0.498859
1.519000	0.498851	0.498864
1.520000	0.498856	0.498868
1.521000	0.498860	0.498873
1.522000	0.498865	0.498877
1.523000	0.498870	0.498882
1.524000	0.498874	0.498886
1.525000	0.498879	0.498891
1.526000	0.498883	0.498895
1.527000	0.498888	0.498900
1.528000	0.498892	0.498904
1.529000	0.498896	0.498908
1.530000	0.498901	0.498913
1.531000	0.498905	0.498917
1.532000	0.498910	0.498921
1.533000	0.498914	0.498926
1.534000	0.498918	0.498930
1.535000	0.498923	0.498934
1.536000	0.498927	0.498939
1.537000	0.498931	0.498943
1.538000	0.498935	0.498947
1.539000	0.498940	0.498951
1.540000	0.498944	0.498955
1.541000	0.498948	0.498960
1.542000	0.498952	0.498964
1.543000	0.498956	0.498968
1.544000	0.498961	0.498972
1.545000	0.498965	0.498976
1.546000	0.498969	0.498980
1.547000	0.498973	0.498984
1.548000	0.498977	0.498988
1.549000	0.498981	0.498992
1.550000	0.498985	0.498996
1.551000	0.498989	0.499000
1.552000	0.498993	0.499004
1.553000	0.498997	0.499008
1.554000	0.499001	0.499012
1.555000	0.499005	0.499016
1.556000	0.499009	0.499020
1.557000	0.499013	0.499024
1.558000	0.499017	0.499028
1.559000	0.499021	0.499032
1.560000	0.499025	0.499036
1.561000	0.499029	0.499040
1.562000	0.499033	0.499044
1.563000	0.499037	0.499047
1.564000	0.499041	0.499051
1.565000	0.499044	0.499055
1.566000	0.499048	0.499059
1.567000	0.499052	0.499063
1.568000	0.499056	0.499066
1.569000	0.499060	0.499070
1.570000	0.499063	0.499074
1.571000	0.499067	0.499077
1.572000	0.499071	0.499081
1.573000	0.499074	0.499085
1.574000	0.499078	0.499088
1.575000	0.499082	0.499092
1.576000	0.499086	0.499096
1.577000	0.499089	0.499099
1.578000	0.499093	0.499103
1.579000	0.499096	0.499107
1.580000	0.499100	0.499110
1.581000	0.499104	0.499114
1.582000	0.499107	0.499117
1.583000	0.499111	0.499121
1.584000	0.499114	0.499124
1.585000	0.499118	0.499128
1.586000	0.499121	0.499131
1.587000	0.499125	0.499135
1.588000	0.499128	0.499138
1.589000	0.499132	0.499142
1.590000	0.499135	0.499145
1.591000	0.499139	0.499149
1.592000	0.499142	0.499152
1.593000	0.499146	0.499155
1.594000	0.499149	0.499159
1.595000	0.499152	0.499162
1.596000	0.499156	0.499165
1.597000	0.499159	0.499169
1.598000	0.499163	0.499172
1.599000	0.499166	0.499175
1.600000	0.499169	0.499179
1.601000	0.499173	0.499182
1.602000	0.499176	0.499185
1.603000	0.499179	0.499188
1.604000	0.499182	0.499192
1.605000	0.499186	0.499195
1.606000	0.499189	0.499198
1.607000	0.499192	0.499201
1.608000	0.499195	0.499205
1.609000	0.499199	0.499208
1.610000	0.499202	0.499211
1.611000	0.499205	0.499214
1.612000	0.499208	0.499217
1.613000	0.499211	0.499220
1.614000	0.499214	0.499223
1.615000	0.499218	0.499227
1.616000	0.499221	0.499230
1.617000	0.499224	0.499233
1.618000	0.499227	0.499236
1.619000	0.499230	0.499239
1.620000	0.499233	0.499242
1.621000	0.499236	0.499245
1.622000	0.499239	0.499248
1.623000	0.499242	0.499251
1.624000	0.499245	0.499254
1.625000	0.499248	0.499257
1.626000	0.499251	0.499260
1.627000	0.499254	0.499263
1.628000	0.499257	0.499266
1.629000	0.499260	0.499269
1.630000	0.499263	0.499272
1.631000	0.499266	0.499275
1.632000	0.499269	0.499278
1.633000	0.499272	0.499280
1.634000	0.499275	0.499283
1.635000	0.499278	0.499286
1.636000	0.499281	0.499289
1.637000	0.499284	0.499292
1.638000	0.499286	0.499295
1.639000	0.499289	0.499298
1.640000	0.499292	0.499300
1.641000	0.499295	0.499303
1.642000	0.499298	0.499306
1.643000	0.499301	0.499309
1.644000	0.499303	0.499311
1.645000	0.499306	0.499314
1.646000	0.499309	0.499317
1.647000	0.499312	0.499320
1.648000	0.499314	0.499322
1.649000	0.499317	0.499325
1.650000	0.499320	0.499328
1.651000	0.499323	0.499331
1.652000	0.499325	0.499333
1.653000	0.499328	0.499336
1.654000	0.499331	0.499339
1.655000	0.499333	0.499341
1.656000	0.499336	0.499344
1.657000	0.499339	0.499346
1.658000	0.499341	0.499349
1.659000	0.499344	0.499352
1.660000	0.499346	0.499354
1.661000	0.499349	0.499357
1.662000	0.499352	0.499359
1.663000	0.499354	0.499362
1.664000	0.499357	0.499365
1.665000	0.499359	0.499367
1.666000	0.499362	0.499370
1.667000	0.499365	0.499372
1.668000	0.499367	0.499375
1.669000	0.499370	0.499377
1.670000	0.499372	0.499380
1.671000	0.499375	0.499382
1.672000	0.499377	0.499385
1.673000	0.499380	0.499387
1.674000	0.499382	0.499389
1.675000	0.499385	0.499392
1.676000	0.499387	0.499394
1.677000	0.499389	0.499397
1.678000	0.499392	0.499399
1.679000	0.499394	0.499402
1.680000	0.499397	0.499404
1.681000	0.499399	0.499406
1.682000	0.499402	0.499409
1.683000	0.499404	0.499411
1.684000	0.499406	0.499413
1.685000	0.499409	0.499416
1.686000	0.499411	0.499418
1.687000	0.499413	0.499420
1.688000	0.499416	0.499423
1.689000	0.499418	0.499425
1.690000	0.499420	0.499427
1.691000	0.499423	0.499430
1.692000	0.499425	0.499432
1.693000	0.499427	0.499434
1.694000	0.499430	0.499437
1.695000	0.499432	0.499439
1.696000	0.499434	0.499441
1.697000	0.499436	0.499443
1.698000	0.499439	0.499445
1.699000	0.499441	0.499448
1.700000	0.499443	0.499450
1.701000	0.499445	0.499452
1.702000	0.499448	0.499454
1.703000	0.499450	0.499456
1.704000	0.499452	0.499459
1.705000	0.499454	0.499461
1.706000	0.499456	0.499463
1.707000	0.499458	0.499465
1.708000	0.499461	0.499467
1.709000	0.499463	0.499469
1.710000	0.499465	0.499472
1.711000	0.499467	0.499474
1.712000	0.499469	0.499476
1.713000	0.499471	0.499478
1.714000	0.499473	0.499480
1.715000	0.499476	0.499482
1.716000	0.499478	0.499484
1.717000	0.499480	0.499486
1.718000	0.499482	0.499488
1.719000	0.499484	0.499490
1.720000	0.499486	0.499492
1.721000	0.499488	0.499494
1.722000	0.499490	0.499496
1.723000	0.499492	0.499498
1.724000	0.499494	0.499500
1.725000	0.499496	0.499502
1.726000	0.499498	0.499504
1.727000	0.499500	0.499506
1.728000	0.499502	0.499508
1.729000	0.499504	0.499510
1.730000	0.499506	0.499512
1.731000	0.499508	0.499514
1.732000	0.499510	0.499516
1.733000	0.499512	0.499518
1.734000	0.499514	0.499520
1.735000	0.499516	0.499522
1.736000	0.499518	0.499524
1.737000	0.499520	0.499526
1.738000	0.499522	0.499528
1.739000	0.499524	0.499529
1.740000	0.499525	0.499531
1.741000	0.499527	0.499533
1.742000	0.499529	0.499535
1.743000	0.499531	0.499537
1.744000	0.499533	0.499539
1.745000	0.499535	0.499541
1.746000	0.499537	0.499543
1.747000	0.499539	0.499544
1.748000	0.499540	0.499546
1.749000	0.499542	0.499548
1.750000	0.499544	0.499550
1.751000	0.499546	0.499552
1.752000	0.499548	0.499553
1.753000	0.499549	0.499555
1.754000	0.499551	0.499557
1.755000	0.499553	0.499559
1.756000	0.499555	0.499560
1.757000	0.499557	0.499562
1.758000	0.499558	0.499564
1.759000	0.499560	0.499566
1.760000	0.499562	0.499567
1.761000	0.499564	0.499569
1.762000	0.499565	0.499571
1.763000	0.499567	0.499573
1.764000	0.499569	0.499574
1.765000	0.499571	0.499576
1.766000	0.499572	0.499578
1.767000	0.499574	0.499579
1.768000	0.499576	0.499581
1.769000	0.499577	0.499583
1.770000	0.499579	0.499584
1.771000	0.499581	0.499586
1.772000	0.499582	0.499588
1.773000	0.499584	0.499589
1.774000	0.499586	0.499591
1.775000	0.499587	0.499593
1.776000	0.499589	0.499594
1.777000	0.499591	0.499596
1.778000	0.499592	0.499598
1.779000	0.499594	0.499599
1.780000	0.499596	0.499601
1.781000	0.499597	0.499602
1.782000	0.499599	0.499604
1.783000	0.499600	0.499606
1.784000	0.499602	0.499607
1.785000	0.499604	0.499609
1.786000	0.499605	0.499610
1.787000	0.499607	0.499612
1.788000	0.499608	0.499613
1.789000	0.499610	0.499615
1.790000	0.499611	0.499616
1.791000	0.499613	0.499618
1.792000	0.499615	0.499620
1.793000	0.499616	0.499621
1.794000	0.499618	0.499623
1.795000	0.499619	0.499624
1.796000	0.499621	0.499626
1.797000	0.499622	0.499627
1.798000	0.499624	0.499629
1.799000	0.499625	0.499630
1.800000	0.499627	0.499632
1.801000	0.499628	0.499633
1.802000	0.499630	0.499634
1.803000	0.499631	0.499636
1.804000	0.499633	0.499637
1.805000	0.499634	0.499639
1.806000	0.499636	0.499640
1.807000	0.499637	0.499642
1.808000	0.499638	0.499643
1.809000	0.499640	0.499645
1.810000	0.499641	0.499646
1.811000	0.499643	0.499647
1.812000	0.499644	0.499649
1.813000	0.499646	0.499650
1.814000	0.499647	0.499652
1.815000	0.499648	0.499653
1.816000	0.499650	0.499654
1.817000	0.499651	0.499656
1.818000	0.499653	0.499657
1.819000	0.499654	0.499659
1.820000	0.499655	0.499660
1.821000	0.499657	0.499661
1.822000	0.499658	0.499663
1.823000	0.499660	0.499664
1.824000	0.499661	0.499665
1.825000	0.499662	0.499667
1.826000	0.499664	0.499668
1.827000	0.499665	0.499669
1.828000	0.499666	0.499671
1.829000	0.499668	0.499672
1.830000	0.499669	0.499673
1.831000	0.499670	0.499675
1.832000	0.499672	0.499676
1.833000	0.499673	0.499677
1.834000	0.499674	0.499678
1.835000	0.499675	0.499680
1.836000	0.499677	0.499681
1.837000	0.499678	0.499682
1.838000	0.499679	0.499684
1.839000	0.499681	0.499685
1.840000	0.499682	0.499686
1.841000	0.499683	0.499687
1.842000	0.499684	0.499689
1.843000	0.499686	0.499690
1.844000	0.499687	0.499691
1.845000	0.499688	0.499692
1.846000	0.499689	0.499694
1.847000	0.499691	0.499695
1.848000	0.499692	0.499696
1.849000	0.499693	0.499697
1.850000	0.499694	0.499698
1.851000	0.499696	0.499700
1.852000	0.499697	0.499701
1.853000	0.499698	0.499702
1.854000	0.499699	0.499703
1.855000	0.499700	0.499704
1.856000	0.499702	0.499706
1.857000	0.499703	0.499707
1.858000	0.499704	0.499708
1.859000	0.499705	0.499709
1.860000	0.499706	0.499710
1.861000	0.499708	0.499711
1.862000	0.499709	0.499713
1.863000	0.499710	0.499714
1.864000	0.499711	0.499715
1.865000	0.499712	0.499716
1.866000	0.499713	0.499717
1.867000	0.499714	0.499718
1.868000	0.499716	0.499719
1.869000	0.499717	0.499721
1.870000	0.499718	0.499722
1.871000	0.499719	0.499723
1.872000	0.499720	0.499724
1.873000	0.499721	0.499725
1.874000	0.499722	0.499726
1.875000	0.499723	0.499727
1.876000	0.499725	0.499728
1.877000	0.499726	0.499729
1.878000	0.499727	0.499730
1.879000	0.499728	0.499732
1.880000	0.499729	0.499733
1.881000	0.499730	0.499734
1.882000	0.499731	0.499735
1.883000	0.499732	0.499736
1.884000	0.499733	0.499737
1.885000	0.499734	0.499738
1.886000	0.499735	0.499739
1.887000	0.499736	0.499740
1.888000	0.499737	0.499741
1.889000	0.499739	0.499742
1.890000	0.499740	0.499743
1.891000	0.499741	0.499744
1.892000	0.499742	0.499745
1.893000	0.499743	0.499746
1.894000	0.499744	0.499747
1.895000	0.499745	0.499748
1.896000	0.499746	0.499749
1.897000	0.499747	0.499750
1.898000	0.499748	0.499751
1.899000	0.499749	0.499752
1.900000	0.499750	0.499753
1.901000	0.499751	0.499754
1.902000	0.499752	0.499755
1.903000	0.499753	0.499756
1.904000	0.499754	0.499757
1.905000	0.499755	0.499758
1.906000	0.499756	0.499759
1.907000	0.499757	0.499760
1.908000	0.499758	0.499761
1.909000	0.499759	0.499762
1.910000	0.499760	0.499763
1.911000	0.499761	0.499764
1.912000	0.499762	0.499765
1.913000	0.499762	0.499766
1.914000	0.499763	0.499767
1.915000	0.499764	0.499768
1.916000	0.499765	0.499769
1.917000	0.499766	0.499769
1.918000	0.499767	0.499770
1.919000	0.499768	0.499771
1.920000	0.499769	0.499772
1.921000	0.499770	0.499773
1.922000	0.499771	0.499774
1.923000	0.499772	0.499775
1.924000	0.499773	0.499776
1.925000	0.499774	0.499777
1.926000	0.499774	0.499778
1.927000	0.499775	0.499779
1.928000	0.499776	0.499779
1.929000	0.499777	0.499780
1.930000	0.499778	0.499781
1.931000	0.499779	0.499782
1.932000	0.499780	0.499783
1.933000	0.499781	0.499784
1.934000	0.499782	0.499785
1.935000	0.499782	0.499786
1.936000	0.499783	0.499786
1.937000	0.499784	0.499787
1.938000	0.499785	0.499788
1.939000	0.499786	0.499789
1.940000	0.499787	0.499790
1.941000	0.499788	0.499791
1.942000	0.499788	0.499791
1.943000	0.499789	0.499792
1.944000	0.499790	0.499793
1.945000	0.499791	0.499794
1.946000	0.499792	0.499795
1.947000	0.499793	0.499796
1.948000	0.499793	0.499796
1.949000	0.499794	0.499797
1.950000	0.499795	0.499798
1.951000	0.499796	0.499799
1.952000	0.499797	0.499800
1.953000	0.499798	0.499800
1.954000	0.499798	0.499801
1.955000	0.499799	0.499802
1.956000	0.499800	0.499803
1.957000	0.499801	0.499804
1.958000	0.499802	0.499804
1.959000	0.499802	0.499805
1.960000	0.499803	0.499806
1.961000	0.499804	0.499807
1.962000	0.499805	0.499808
1.963000	0.499806	0.499808
1.964000	0.499806	0.499809
1.965000	0.499807	0.499810
1.966000	0.499808	0.499811
1.967000	0.499809	0.499811
1.968000	0.499809	0.499812
1.969000	0.499810	0.499813
1.970000	0.499811	0.499814
1.971000	0.499812	0.499814
1.972000	0.499812	0.499815
1.973000	0.499813	0.499816
1.974000	0.499814	0.499817
1.975000	0.499815	0.499817
1.976000	0.499815	0.499818
1.977000	0.499816	0.499819
1.978000	0.499817	0.499819
1.979000	0.499818	0.499820
1.980000	0.499818	0.499821
1.981000	0.499819	0.499822
1.982000	0.499820	0.499822
1.983000	0.499820	0.499823
1.984000	0.499821	0.499824
1.985000	0.499822	0.499824
1.986000	0.499823	0.499825
1.987000	0.499823	0.499826
1.988000	0.499824	0.499827
1.989000	0.499825	0.499827
1.990000	0.499825	0.499828
1.991000	0.499826	0.499829
1.992000	0.499827	0.499829
1.993000	0.499828	0.499830
1.994000	0.499828	0.499831
1.995000	0.499829	0.499831
1.996000	0.499830	0.499832
1.997000	0.499830	0.499833
1.998000	0.499831	0.499833
1.999000	0.499832	0.499834
2.000000	0.499832	0.499835
2.001000	0.499833	0.499835
2.002000	0.499834	0.499836
2.003000	0.499834	0.499837
2.004000	0.499835	0.499837
2.005000	0.499836	0.499838
2.006000	0.499836	0.499839
2.007000	0.499837	0.499839
2.008000	0.499838	0.499840
2.009000	0.499838	0.499841
2.010000	0.499839	0.499841
2.011000	0.499839	0.499842
2.012000	0.499840	0.499842
2.013000	0.499841	0.499843
2.014000	0.499841	0.499844
2.015000	0.499842	0.499844
2.016000	0.499843	0.499845
2.017000	0.499843	0.499846
2.018000	0.499844	0.499846
2.019000	0.499845	0.499847
2.020000	0.499845	0.499847
2.021000	0.499846	0.499848
2.022000	0.499846	0.499849
2.023000	0.499847	0.499849
2.024000	0.499848	0.499850
2.025000	0.499848	0.499850
2.026000	0.499849	0.499851
2.027000	0.499849	0.499852
2.028000	0.499850	0.499852
2.029000	0.499851	0.499853
2.030000	0.499851	0.499853
2.031000	0.499852	0.499854
2.032000	0.499852	0.499855
2.033000	0.499853	0.499855
2.034000	0.499854	0.499856
2.035000	0.499854	0.499856
2.036000	0.499855	0.499857
2.037000	0.499855	0.499857
2.038000	0.499856	0.499858
2.039000	0.499856	0.499859
2.040000	0.499857	0.499859
2.041000	0.499858	0.499860
2.042000	0.499858	0.499860
2.043000	0.499859	0.499861
2.044000	0.499859	0.499861
2.045000	0.499860	0.499862
2.046000	0.499860	0.499863
2.047000	0.499861	0.499863
2.048000	0.499862	0.499864
2.049000	0.499862	0.499864
2.050000	0.499863	0.499865
2.051000	0.499863	0.499865
2.052000	0.499864	0.499866
2.053000	0.499864	0.499866
2.054000	0.499865	0.499867
2.055000	0.499865	0.499867
2.056000	0.499866	0.499868
2.057000	0.499866	0.499868
2.058000	0.499867	0.499869
2.059000	0.499868	0.499870
2.060000	0.499868	0.499870
2.061000	0.499869	0.499871
2.062000	0.499869	0.499871
2.063000	0.499870	0.499872
2.064000	0.499870	0.499872
2.065000	0.499871	0.499873
2.066000	0.499871	0.499873
2.067000	0.499872	0.499874
2.068000	0.499872	0.499874
2.069000	0.499873	0.499875
2.070000	0.499873	0.499875
2.071000	0.499874	0.499876
2.072000	0.499874	0.499876
2.073000	0.499875	0.499877
2.074000	0.499875	0.499877
2.075000	0.499876	0.499878
2.076000	0.499876	0.499878
2.077000	0.499877	0.499879
2.078000	0.499877	0.499879
2.079000	0.499878	0.499880
2.080000	0.499878	0.499880
2.081000	0.499879	0.499881
2.082000	0.499879	0.499881
2.083000	0.499880	0.499881
2.084000	0.499880	0.499882
2.085000	0.499881	0.499882
2.086000	0.499881	0.499883
2.087000	0.499882	0.499883
2.088000	0.499882	0.499884
2.089000	0.499883	0.499884
2.090000	0.499883	0.499885
2.091000	0.499883	0.499885
2.092000	0.499884	0.499886
2.093000	0.499884	0.499886
2.094000	0.499885	0.499887
2.095000	0.499885	0.499887
2.096000	0.499886	0.499888
2.097000	0.499886	0.499888
2.098000	0.499887	0.499888
2.099000	0.499887	0.499889
2.100000	0.499888	0.499889
2.101000	0.499888	0.499890
2.102000	0.499888	0.499890
2.103000	0.499889	0.499891
2.104000	0.499889	0.499891
2.105000	0.499890	0.499891
2.106000	0.499890	0.499892
2.107000	0.499891	0.499892
2.108000	0.499891	0.499893
2.109000	0.499892	0.499893
2.110000	0.499892	0.499894
2.111000	0.499892	0.499894
2.112000	0.499893	0.499894
2.113000	0.499893	0.499895
2.114000	0.499894	0.499895
2.115000	0.499894	0.499896
2.116000	0.499895	0.499896
2.117000	0.499895	0.499897
2.118000	0.499895	0.499897
2.119000	0.499896	0.499897
2.120000	0.499896	0.499898
2.121000	0.499897	0.499898
2.122000	0.499897	0.499899
2.123000	0.499897	0.499899
2.124000	0.499898	0.499899
2.125000	0.499898	0.499900
2.126000	0.499899	0.499900
2.127000	0.499899	0.499901
2.128000	0.499899	0.499901
2.129000	0.499900	0.499901
2.130000	0.499900	0.499902
2.131000	0.499901	0.499902
2.132000	0.499901	0.499903
2.133000	0.499901	0.499903
2.134000	0.499902	0.499903
2.135000	0.499902	0.499904
2.136000	0.499903	0.499904
2.137000	0.499903	0.499905
2.138000	0.499903	0.499905
2.139000	0.499904	0.499905
2.140000	0.499904	0.499906
2.141000	0.499905	0.499906
2.142000	0.499905	0.499906
2.143000	0.499905	0.499907
2.144000	0.499906	0.499907
2.145000	0.499906	0.499908
2.146000	0.499906	0.499908
2.147000	0.499907	0.499908
2.148000	0.499907	0.499909
2.149000	0.499908	0.499909
2.150000	0.499908	0.499909
2.151000	0.499908	0.499910
2.152000	0.499909	0.499910
2.153000	0.499909	0.499910
2.154000	0.499909	0.499911
2.155000	0.499910	0.499911
2.156000	0.499910	0.499912
2.157000	0.499910	0.499912
2.158000	0.499911	0.499912
2.159000	0.499911	0.499913
2.160000	0.499912	0.499913
2.161000	0.499912	0.499913
2.162000	0.499912	0.499914
2.163000	0.499913	0.499914
2.164000	0.499913	0.499914
2.165000	0.499913	0.499915
2.166000	0.499914	0.499915
2.167000	0.499914	0.499915
2.168000	0.499914	0.499916
2.169000	0.499915	0.499916
2.170000	0.499915	0.499916
2.171000	0.499915	0.499917
2.172000	0.499916	0.499917
2.173000	0.499916	0.499917
2.174000	0.499916	0.499918
2.175000	0.499917	0.499918
2.176000	0.499917	0.499918
2.177000	0.499917	0.499919
2.178000	0.499918	0.499919
2.179000	0.499918	0.499919
2.180000	0.499918	0.499920
2.181000	0.499919	0.499920
2.182000	0.499919	0.499920
2.183000	0.499919	0.499921
2.184000	0.499920	0.499921
2.185000	0.499920	0.499921
2.186000	0.499920	0.499922
2.187000	0.499921	0.499922
2.188000	0.499921	0.499922
2.189000	0.499921	0.499923
2.190000	0.499922	0.499923
2.191000	0.499922	0.499923
2.192000	0.499922	0.499923
2.193000	0.499922	0.499924
2.194000	0.499923	0.499924
2.195000	0.499923	0.499924
2.196000	0.499923	0.499925
2.197000	0.499924	0.499925
2.198000	0.499924	0.499925
2.199000	0.499924	0.499926
2.200000	0.499925	0.499926
2.201000	0.499925	0.499926
2.202000	0.499925	0.499926
2.203000	0.499926	0.499927
2.204000	0.499926	0.499927
2.205000	0.499926	0.499927
2.206000	0.499926	0.499928
2.207000	0.499927	0.499928
2.208000	0.499927	0.499928
2.209000	0.499927	0.499928
2.210000	0.499928	0.499929
2.211000	0.499928	0.499929
2.212000	0.499928	0.499929
2.213000	0.499928	0.499930
2.214000	0.499929	0.499930
2.215000	0.499929	0.499930
2.216000	0.499929	0.499930
2.217000	0.499930	0.499931
2.218000	0.499930	0.499931
2.219000	0.499930	0.499931
2.220000	0.499930	0.499932
2.221000	0.499931	0.499932
2.222000	0.499931	0.499932
2.223000	0.499931	0.499932
2.224000	0.499932	0.499933
2.225000	0.499932	0.499933
2.226000	0.499932	0.499933
2.227000	0.499932	0.499933
2.228000	0.499933	0.499934
2.229000	0.499933	0.499934
2.230000	0.499933	0.499934
2.231000	0.499933	0.499935
2.232000	0.499934	0.499935
2.233000	0.499934	0.499935
2.234000	0.499934	0.499935
2.235000	0.499934	0.499936
2.236000	0.499935	0.499936
2.237000	0.499935	0.499936
2.238000	0.499935	0.499936
2.239000	0.499936	0.499937
2.240000	0.499936	0.499937
2.241000	0.499936	0.499937
2.242000	0.499936	0.499937
2.243000	0.499937	0.499938
2.244000	0.499937	0.499938
2.245000	0.499937	0.499938
2.246000	0.499937	0.499938
2.247000	0.499938	0.499939
2.248000	0.499938	0.499939
2.249000	0.499938	0.499939
2.250000	0.499938	0.499939
2.251000	0.499939	0.499940
2.252000	0.499939	0.499940
2.253000	0.499939	0.499940
2.254000	0.499939	0.499940
2.255000	0.499940	0.499941
2.256000	0.499940	0.499941
2.257000	0.499940	0.499941
2.258000	0.499940	0.499941
2.259000	0.499940	0.499941
2.260000	0.499941	0.499942
2.261000	0.499941	0.499942
2.262000	0.499941	0.499942
2.263000	0.499941	0.499942
2.264000	0.499942	0.499943
2.265000	0.499942	0.499943
2.266000	0.499942	0.499943
2.267000	0.499942	0.499943
2.268000	0.499943	0.499944
2.269000	0.499943	0.499944
2.270000	0.499943	0.499944
2.271000	0.499943	0.499944
2.272000	0.499943	0.499944
2.273000	0.499944	0.499945
2.274000	0.499944	0.499945
2.275000	0.499944	0.499945
2.276000	0.499944	0.499945
2.277000	0.499945	0.499946
2.278000	0.499945	0.499946
2.279000	0.499945	0.499946
2.280000	0.499945	0.499946
2.281000	0.499945	0.499946
2.282000	0.499946	0.499947
2.283000	0.499946	0.499947
2.284000	0.499946	0.499947
2.285000	0.499946	0.499947
2.286000	0.499947	0.499947
2.287000	0.499947	0.499948
2.288000	0.499947	0.499948
2.289000	0.499947	0.499948
2.290000	0.499947	0.499948
2.291000	0.499948	0.499949
2.292000	0.499948	0.499949
2.293000	0.499948	0.499949
2.294000	0.499948	0.499949
2.295000	0.499948	0.499949
2.296000	0.499949	0.499950
2.297000	0.499949	0.499950
2.298000	0.499949	0.499950
2.299000	0.499949	0.499950
2.300000	0.499949	0.499950
2.301000	0.499950	0.499951
2.302000	0.499950	0.499951
2.303000	0.499950	0.499951
2.304000	0.499950	0.499951
2.305000	0.499950	0.499951
2.306000	0.499951	0.499952
2.307000	0.499951	0.499952
2.308000	0.499951	0.499952
2.309000	0.499951	0.499952
2.310000	0.499951	0.499952
2.311000	0.499952	0.499952
2.312000	0.499952	0.499953
2.313000	0.499952	0.499953
2.314000	0.499952	0.499953
2.315000	0.499952	0.499953
2.316000	0.499953	0.499953
2.317000	0.499953	0.499954
2.318000	0.499953	0.499954
2.319000	0.499953	0.499954
2.320000	0.499953	0.499954
2.321000	0.499954	0.499954
2.322000	0.499954	0.499955
2.323000	0.499954	0.499955
2.324000	0.499954	0.499955
2.325000	0.499954	0.499955
2.326000	0.499954	0.499955
2.327000	0.499955	0.499955
2.328000	0.499955	0.499956
2.329000	0.499955	0.499956
2.330000	0.499955	0.499956
2.331000	0.499955	0.499956
2.332000	0.499956	0.499956
2.333000	0.499956	0.499956
2.334000	0.499956	0.499957
2.335000	0.499956	0.499957
2.336000	0.499956	0.499957
2.337000	0.499956	0.499957
2.338000	0.499957	0.499957
2.339000	0.499957	0.499958
2.340000	0.499957	0.499958
2.341000	0.499957	0.499958
2.342000	0.499957	0.499958
2.343000	0.499957	0.499958
2.344000	0.499958	0.499958
2.345000	0.499958	0.499959
2.346000	0.499958	0.499959
2.347000	0.499958	0.499959
2.348000	0.499958	0.499959
2.349000	0.499958	0.499959
2.350000	0.499959	0.499959
2.351000	0.499959	0.499960
2.352000	0.499959	0.499960
2.353000	0.499959	0.499960
2.354000	0.499959	0.499960
2.355000	0.499959	0.499960
2.356000	0.499960	0.499960
2.357000	0.499960	0.499960
2.358000	0.499960	0.499961
2.359000	0.499960	0.499961
2.360000	0.499960	0.499961
2.361000	0.499960	0.499961
2.362000	0.499961	0.499961
2.363000	0.499961	0.499961
2.364000	0.499961	0.499962
2.365000	0.499961	0.499962
2.366000	0.499961	0.499962
2.367000	0.499961	0.499962
2.368000	0.499962	0.499962
2.369000	0.499962	0.499962
2.370000	0.499962	0.499962
2.371000	0.499962	0.499963
2.372000	0.499962	0.499963
2.373000	0.499962	0.499963
2.374000	0.499962	0.499963
2.375000	0.499963	0.499963
2.376000	0.499963	0.499963
2.377000	0.499963	0.499964
2.378000	0.499963	0.499964
2.379000	0.499963	0.499964
2.380000	0.499963	0.499964
2.381000	0.499963	0.499964
2.382000	0.499964	0.499964
2.383000	0.499964	0.499964
2.384000	0.499964	0.499965
2.385000	0.499964	0.499965
2.386000	0.499964	0.499965
2.387000	0.499964	0.499965
2.388000	0.499964	0.499965
2.389000	0.499965	0.499965
2.390000	0.499965	0.499965
2.391000	0.499965	0.499966
2.392000	0.499965	0.499966
2.393000	0.499965	0.499966
2.394000	0.499965	0.499966
2.395000	0.499965	0.499966
2.396000	0.499966	0.499966
2.397000	0.499966	0.499966
2.398000	0.499966	0.499966
2.399000	0.499966	0.499967
2.400000	0.499966	0.499967
2.401000	0.499966	0.499967
2.402000	0.499966	0.499967
2.403000	0.499967	0.499967
2.404000	0.499967	0.499967
2.405000	0.499967	0.499967
2.406000	0.499967	0.499968
2.407000	0.499967	0.499968
2.408000	0.499967	0.499968
2.409000	0.499967	0.499968
2.410000	0.499967	0.499968
2.411000	0.499968	0.499968
2.412000	0.499968	0.499968
2.413000	0.499968	0.499968
2.414000	0.499968	0.499969
2.415000	0.499968	0.499969
2.416000	0.499968	0.499969
2.417000	0.499968	0.499969
2.418000	0.499968	0.499969
2.419000	0.499969	0.499969
2.420000	0.499969	0.499969
2.421000	0.499969	0.499969
2.422000	0.499969	0.499970
2.423000	0.499969	0.499970
2.424000	0.499969	0.499970
2.425000	0.499969	0.499970
2.426000	0.499969	0.499970
2.427000	0.499970	0.499970
2.428000	0.499970	0.499970
2.429000	0.499970	0.499970
2.430000	0.499970	0.499971
2.431000	0.499970	0.499971
2.432000	0.499970	0.499971
2.433000	0.499970	0.499971
2.434000	0.499970	0.499971
2.435000	0.499971	0.499971
2.436000	0.499971	0.499971
2.437000	0.499971	0.499971
2.438000	0.499971	0.499971
2.439000	0.499971	0.499972
2.440000	0.499971	0.499972
2.441000	0.499971	0.499972
2.442000	0.499971	0.499972
2.443000	0.499971	0.499972
2.444000	0.499972	0.499972
2.445000	0.499972	0.499972
2.446000	0.499972	0.499972
2.447000	0.499972	0.499972
2.448000	0.499972	0.499973
2.449000	0.499972	0.499973
2.450000	0.499972	0.499973
2.451000	0.499972	0.499973
2.452000	0.499972	0.499973
2.453000	0.499973	0.499973
2.454000	0.499973	0.499973
2.455000	0.499973	0.499973
2.456000	0.499973	0.499973
2.457000	0.499973	0.499974
2.458000	0.499973	0.499974
2.459000	0.499973	0.499974
2.460000	0.499973	0.499974
2.461000	0.499973	0.499974
2.462000	0.499974	0.499974
2.463000	0.499974	0.499974
2.464000	0.499974	0.499974
2.465000	0.499974	0.499974
2.466000	0.499974	0.499974
2.467000	0.499974	0.499975
2.468000	0.499974	0.499975
2.469000	0.499974	0.499975
2.470000	0.499974	0.499975
2.471000	0.499975	0.499975
2.472000	0.499975	0.499975
2.473000	0.499975	0.499975
2.474000	0.499975	0.499975
2.475000	0.499975	0.499975
2.476000	0.499975	0.499975
2.477000	0.499975	0.499976
2.478000	0.499975	0.499976
2.479000	0.499975	0.499976
2.480000	0.499975	0.499976
2.481000	0.499976	0.499976
2.482000	0.499976	0.499976
2.483000	0.499976	0.499976
2.484000	0.499976	0.499976
2.485000	0.499976	0.499976
2.486000	0.499976	0.499976
2.487000	0.499976	0.499977
2.488000	0.499976	0.499977
2.489000	0.499976	0.499977
2.490000	0.499976	0.499977
2.491000	0.499976	0.499977
2.492000	0.499977	0.499977
2.493000	0.499977	0.499977
2.494000	0.499977	0.499977
2.495000	0.499977	0.499977
2.496000	0.499977	0.499977
2.497000	0.499977	0.499977
2.498000	0.499977	0.499978
2.499000	0.499977	0.499978
2.500000	0.499977	0.499978
2.501000	0.499977	0.499978
2.502000	0.499977	0.499978
2.503000	0.499978	0.499978
2.504000	0.499978	0.499978
2.505000	0.499978	0.499978
2.506000	0.499978	0.499978
2.507000	0.499978	0.499978
2.508000	0.499978	0.499978
2.509000	0.499978	0.499979
2.510000	0.499978	0.499979
2.511000	0.499978	0.499979
2.512000	0.499978	0.499979
2.513000	0.499978	0.499979
2.514000	0.499979	0.499979
2.515000	0.499979	0.499979
2.516000	0.499979	0.499979
2.517000	0.499979	0.499979
2.518000	0.499979	0.499979
2.519000	0.499979	0.499979
2.520000	0.499979	0.499979
2.521000	0.499979	0.499980
2.522000	0.499979	0.499980
2.523000	0.499979	0.499980
2.524000	0.499979	0.499980
2.525000	0.499979	0.499980
2.526000	0.499980	0.499980
2.527000	0.499980	0.499980
2.528000	0.499980	0.499980
2.529000	0.499980	0.499980
2.530000	0.499980	0.499980
2.531000	0.499980	0.499980
2.532000	0.499980	0.499980
2.533000	0.499980	0.499980
2.534000	0.499980	0.499981
2.535000	0.499980	0.499981
2.536000	0.499980	0.499981
2.537000	0.499980	0.499981
2.538000	0.499981	0.499981
2.539000	0.499981	0.499981
2.540000	0.499981	0.499981
2.541000	0.499981	0.499981
2.542000	0.499981	0.499981
2.543000	0.499981	0.499981
2.544000	0.499981	0.499981
2.545000	0.499981	0.499981
2.546000	0.499981	0.499981
2.547000	0.499981	0.499982
2.548000	0.499981	0.499982
2.549000	0.499981	0.499982
2.550000	0.499981	0.499982
2.551000	0.499981	0.499982
2.552000	0.499982	0.499982
2.553000	0.499982	0.499982
2.554000	0.499982	0.499982
2.555000	0.499982	0.499982
2.556000	0.499982	0.499982
2.557000	0.499982	0.499982
2.558000	0.499982	0.499982
2.559000	0.499982	0.499982
2.560000	0.499982	0.499982
2.561000	0.499982	0.499983
2.562000	0.499982	0.499983
2.563000	0.499982	0.499983
2.564000	0.499982	0.499983
2.565000	0.499982	0.499983
2.566000	0.499983	0.499983
2.567000	0.499983	0.499983
2.568000	0.499983	0.499983
2.569000	0.499983	0.499983
2.570000	0.499983	0.499983
2.571000	0.499983	0.499983
2.572000	0.499983	0.499983
2.573000	0.499983	0.499983
2.574000	0.499983	0.499983
2.575000	0.499983	0.499984
2.576000	0.499983	0.499984
2.577000	0.499983	0.499984
2.578000	0.499983	0.499984
2.579000	0.499983	0.499984
2.580000	0.499984	0.499984
2.581000	0.499984	0.499984
2.582000	0.499984	0.499984
2.583000	0.499984	0.499984
2.584000	0.499984	0.499984
2.585000	0.499984	0.499984
2.586000	0.499984	0.499984
2.587000	0.499984	0.499984
2.588000	0.499984	0.499984
2.589000	0.499984	0.499984
2.590000	0.499984	0.499984
2.591000	0.499984	0.499985
2.592000	0.499984	0.499985
2.593000	0.499984	0.499985
2.594000	0.499984	0.499985
2.595000	0.499984	0.499985
2.596000	0.499985	0.499985
2.597000	0.499985	0.499985
2.598000	0.499985	0.499985
2.599000	0.499985	0.499985
2.600000	0.499985	0.499985
2.601000	0.499985	0.499985
2.602000	0.499985	0.499985
2.603000	0.499985	0.499985
2.604000	0.499985	0.499985
2.605000	0.499985	0.499985
2.606000	0.499985	0.499985
2.607000	0.499985	0.499985
2.608000	0.499985	0.499986
2.609000	0.499985	0.499986
2.610000	0.499985	0.499986
2.611000	0.499985	0.499986
2.612000	0.499985	0.499986
2.613000	0.499986	0.499986
2.614000	0.499986	0.499986
2.615000	0.499986	0.499986
2.616000	0.499986	0.499986
2.617000	0.499986	0.499986
2.618000	0.499986	0.499986
2.619000	0.499986	0.499986
2.620000	0.499986	0.499986
2.621000	0.499986	0.499986
2.622000	0.499986	0.499986
2.623000	0.499986	0.499986
2.624000	0.499986	0.499986
2.625000	0.499986	0.499986
2.626000	0.499986	0.499987
2.627000	0.499986	0.499987
2.628000	0.499986	0.499987
2.629000	0.499986	0.499987
2.630000	0.499987	0.499987
2.631000	0.499987	0.499987
2.632000	0.499987	0.499987
2.633000	0.499987	0.499987
2.634000	0.499987	0.499987
2.635000	0.499987	0.499987
2.636000	0.499987	0.499987
2.637000	0.499987	0.499987
2.638000	0.499987	0.499987
2.639000	0.499987	0.499987
2.640000	0.499987	0.499987
2.641000	0.499987	0.499987
2.642000	0.499987	0.499987
2.643000	0.499987	0.499987
2.644000	0.499987	0.499987
2.645000	0.499987	0.499988
2.646000	0.499987	0.499988
2.647000	0.499987	0.499988
2.648000	0.499987	0.499988
2.649000	0.499987	0.499988
2.650000	0.499988	0.499988
2.651000	0.499988	0.499988
2.652000	0.499988	0.499988
2.653000	0.499988	0.499988
2.654000	0.499988	0.499988
2.655000	0.499988	0.499988
2.656000	0.499988	0.499988
2.657000	0.499988	0.499988
2.658000	0.499988	0.499988
2.659000	0.499988	0.499988
2.660000	0.499988	0.499988
2.661000	0.499988	0.499988
2.662000	0.499988	0.499988
2.663000	0.499988	0.499988
2.664000	0.499988	0.499988
2.665000	0.499988	0.499988
2.666000	0.499988	0.499989
2.667000	0.499988	0.499989
2.668000	0.499988	0.499989
2.669000	0.499988	0.499989
2.670000	0.499988	0.499989
2.671000	0.499989	0.499989
2.672000	0.499989	0.499989
2.673000	0.499989	0.499989
2.674000	0.499989	0.499989
2.675000	0.499989	0.499989
2.676000	0.499989	0.499989
2.677000	0.499989	0.499989
2.678000	0.499989	0.499989
2.679000	0.499989	0.499989
2.680000	0.499989	0.499989
2.681000	0.499989	0.499989
2.682000	0.499989	0.499989
2.683000	0.499989	0.499989
2.684000	0.499989	0.499989
2.685000	0.499989	0.499989
2.686000	0.499989	0.499989
2.687000	0.499989	0.499989
2.688000	0.499989	0.499990
2.689000	0.499989	0.499990
2.690000	0.499989	0.499990
2.691000	0.499989	0.499990
2.692000	0.499989	0.499990
2.693000	0.499990	0.499990
2.694000	0.499990	0.499990
2.695000	0.499990	0.499990
2.696000	0.499990	0.499990
2.697000	0.499990	0.499990
2.698000	0.499990	0.499990
2.699000	0.499990	0.499990
2.700000	0.499990	0.499990
2.701000	0.499990	0.499990
2.702000	0.499990	0.499990
2.703000	0.499990	0.499990
2.704000	0.499990	0.499990
2.705000	0.499990	0.499990
2.706000	0.499990	0.499990
2.707000	0.499990	0.499990
2.708000	0.499990	0.499990
2.709000	0.499990	0.499990
2.710000	0.499990	0.499990
2.711000	0.499990	0.499990
2.712000	0.499990	0.499990
2.713000	0.499990	0.499991
2.714000	0.499990	0.499991
2.715000	0.499990	0.499991
2.716000	0.499990	0.499991
2.717000	0.499990	0.499991
2.718000	0.499991	0.499991
2.719000	0.499991	0.499991
2.720000	0.499991	0.499991
2.721000	0.499991	0.499991
2.722000	0.499991	0.499991
2.723000	0.499991	0.499991
2.724000	0.499991	0.499991
2.725000	0.499991	0.499991
2.726000	0.499991	0.499991
2.727000	0.499991	0.499991
2.728000	0.499991	0.499991
2.729000	0.499991	0.499991
2.730000	0.499991	0.499991
2.731000	0.499991	0.499991
2.732000	0.499991	0.499991
2.733000	0.499991	0.499991
2.734000	0.499991	0.499991
2.735000	0.499991	0.499991
2.736000	0.499991	0.499991
2.737000	0.499991	0.499991
2.738000	0.499991	0.499991
2.739000	0.499991	0.499991
2.740000	0.499991	0.499991
2.741000	0.499991	0.499992
2.742000	0.499991	0.499992
2.743000	0.499991	0.499992
2.744000	0.499991	0.499992
2.745000	0.499991	0.499992
2.746000	0.499992	0.499992
2.747000	0.499992	0.499992
2.748000	0.499992	0.499992
2.749000	0.499992	0.499992
2.750000	0.499992	0.499992
2.751000	0.499992	0.499992
2.752000	0.499992	0.499992
2.753000	0.499992	0.499992
2.754000	0.499992	0.499992
2.755000	0.499992	0.499992
2.756000	0.499992	0.499992
2.757000	0.499992	0.499992
2.758000	0.499992	0.499992
2.759000	0.499992	0.499992
2.760000	0.499992	0.499992
2.761000	0.499992	0.499992
2.762000	0.499992	0.499992
2.763000	0.499992	0.499992
2.764000	0.499992	0.499992
2.765000	0.499992	0.499992
2.766000	0.499992	0.499992
2.767000	0.499992	0.499992
2.768000	0.499992	0.499992
2.769000	0.499992	0.499992
2.770000	0.499992	0.499992
2.771000	0.499992	0.499992
2.772000	0.499992	0.499993
2.773000	0.499992	0.499993
2.774000	0.499992	0.499993
2.775000	0.499992	0.499993
2.776000	0.499992	0.499993
2.777000	0.499993	0.499993
2.778000	0.499993	0.499993
2.779000	0.499993	0.499993
2.780000	0.499993	0.499993
2.781000	0.499993	0.499993
2.782000	0.499993	0.499993
2.783000	0.499993	0.499993
2.784000	0.499993	0.499993
2.785000	0.499993	0.499993
2.786000	0.499993	0.499993
2.787000	0.499993	0.499993
2.788000	0.499993	0.499993
2.789000	0.499993	0.499993
2.790000	0.499993	0.499993
2.791000	0.499993	0.499993
2.792000	0.499993	0.499993
2.793000	0.499993	0.499993
2.794000	0.499993	0.499993
2.795000	0.499993	0.499993
2.796000	0.499993	0.499993
2.797000	0.499993	0.499993
2.798000	0.499993	0.499993
2.799000	0.499993	0.499993
2.800000	0.499993	0.499993
2.801000	0.499993	0.499993
2.802000	0.499993	0.499993
2.803000	0.499993	0.499993
2.804000	0.499993	0.499993
2.805000	0.499993	0.499993
2.806000	0.499993	0.499993
2.807000	0.499993	0.499993
2.808000	0.499993	0.499994
2.809000	0.499993	0.499994
2.810000	0.499993	0.499994
2.811000	0.499993	0.499994
2.812000	0.499993	0.499994
2.813000	0.499994	0.499994
2.814000	0.499994	0.499994
2.815000	0.499994	0.499994
2.816000	0.499994	0.499994
2.817000	0.499994	0.499994
2.818000	0.499994	0.499994
2.819000	0.499994	0.499994
2.820000	0.499994	0.499994
2.821000	0.499994	0.499994
2.822000	0.499994	0.499994
2.823000	0.499994	0.499994
2.824000	0.499994	0.499994
2.825000	0.499994	0.499994
2.826000	0.499994	0.499994
2.827000	0.499994	0.499994
2.828000	0.499994	0.499994
2.829000	0.499994	0.499994
2.830000	0.499994	0.499994
2.831000	0.499994	0.499994
2.832000	0.499994	0.499994
2.833000	0.499994	0.499994
2.834000	0.499994	0.499994
2.835000	0.499994	0.499994
2.836000	0.499994	0.499994
2.837000	0.499994	0.499994
2.838000	0.499994	0.499994
2.839000	0.499994	0.499994
2.840000	0.499994	0.499994
2.841000	0.499994	0.499994
2.842000	0.499994	0.499994
2.843000	0.499994	0.499994
2.844000	0.499994	0.499994
2.845000	0.499994	0.499994
2.846000	0.499994	0.499994
2.847000	0.499994	0.499994
2.848000	0.499994	0.499994
2.849000	0.499994	0.499994
2.850000	0.499994	0.499995
2.851000	0.499994	0.499995
2.852000	0.499994	0.499995
2.853000	0.499994	0.499995
2.854000	0.499994	0.499995
2.855000	0.499995	0.499995
2.856000	0.499995	0.499995
2.857000	0.499995	0.499995
2.858000	0.499995	0.499995
2.859000	0.499995	0.499995
2.860000	0.499995	0.499995
2.861000	0.499995	0.499995
2.862000	0.499995	0.499995
2.863000	0.499995	0.499995
2.864000	0.499995	0.499995
2.865000	0.499995	0.499995
2.866000	0.499995	0.499995
2.867000	0.499995	0.499995
2.868000	0.499995	0.499995
2.869000	0.499995	0.499995
2.870000	0.499995	0.499995
2.871000	0.499995	0.499995
2.872000	0.499995	0.499995
2.873000	0.499995	0.499995
2.874000	0.499995	0.499995
2.875000	0.499995	0.499995
2.876000	0.499995	0.499995
2.877000	0.499995	0.499995
2.878000	0.499995	0.499995
2.879000	0.499995	0.499995
2.880000	0.499995	0.499995
2.881000	0.499995	0.499995
2.882000	0.499995	0.499995
2.883000	0.499995	0.499995
2.884000	0.499995	0.499995
2.885000	0.499995	0.499995
2.886000	0.499995	0.499995
2.887000	0.499995	0.499995
2.888000	0.499995	0.499995
2.889000	0.499995	0.499995
2.890000	0.499995	0.499995
2.891000	0.499995	0.499995
2.892000	0.499995	0.499995
2.893000	0.499995	0.499995
2.894000	0.499995	0.499995
2.895000	0.499995	0.499995
2.896000	0.499995	0.499995
2.897000	0.499995	0.499995
2.898000	0.499995	0.499995
2.899000	0.499995	0.499995
2.900000	0.499995	0.499996
2.901000	0.499995	0.499996
2.902000	0.499995	0.499996
2.903000	0.499995	0.499996
2.904000	0.499995	0.499996
2.905000	0.499996	0.499996
2.906000	0.499996	0.499996
2.907000	0.499996	0.499996
2.908000	0.499996	0.499996
2.909000	0.499996	0.499996
2.910000	0.499996	0.499996
2.911000	0.499996	0.499996
2.912000	0.499996	0.499996
2.913000	0.499996	0.499996
2.914000	0.499996	0.499996
2.915000	0.499996	0.499996
2.916000	0.499996	0.499996
2.917000	0.499996	0.499996
2.918000	0.499996	0.499996
2.919000	0.499996	0.499996
2.920000	0.499996	0.499996
2.921000	0.499996	0.499996
2.922000	0.499996	0.499996
2.923000	0.499996	0.499996
2.924000	0.499996	0.499996
2.925000	0.499996	0.499996
2.926000	0.499996	0.499996
2.927000	0.499996	0.499996
2.928000	0.499996	0.499996
2.929000	0.499996	0.499996
2.930000	0.499996	0.499996
2.931000	0.499996	0.499996
2.932000	0.499996	0.499996
2.933000	0.499996	0.499996
2.934000	0.499996	0.499996
2.935000	0.499996	0.499996
2.936000	0.499996	0.499996
2.937000	0.499996	0.499996
2.938000	0.499996	0.499996
2.939000	0.499996	0.499996
2.940000	0.499996	0.499996
2.941000	0.499996	0.499996
2.942000	0.499996	0.499996
2.943000	0.499996	0.499996
2.944000	0.499996	0.499996
2.945000	0.499996	0.499996
2.946000	0.499996	0.499996
2.947000	0.499996	0.499996
2.948000	0.499996	0.499996
2.949000	0.499996	0.499996
2.950000	0.499996	0.499996
2.951000	0.499996	0.499996
2.952000	0.499996	0.499996
2.953000	0.499996	0.499996
2.954000	0.499996	0.499996
2.955000	0.499996	0.499996
2.956000	0.499996	0.499996
2.957000	0.499996	0.499996
2.958000	0.499996	0.499996
2.959000	0.499996	0.499996
2.960000	0.499996	0.499996
2.961000	0.499996	0.499996
2.962000	0.499996	0.499997
2.963000	0.499996	0.499997
2.964000	0.499996	0.499997
2.965000	0.499996	0.499997
2.966000	0.499996	0.499997
2.967000	0.499996	0.499997
2.968000	0.499997	0.499997
2.969000	0.499997	0.499997
2.970000	0.499997	0.499997
2.971000	0.499997	0.499997
2.972000	0.499997	0.499997
2.973000	0.499997	0.499997
2.974000	0.499997	0.499997
2.975000	0.499997	0.499997
2.976000	0.499997	0.499997
2.977000	0.499997	0.499997
2.978000	0.499997	0.499997
2.979000	0.499997	0.499997
2.980000	0.499997	0.499997
2.981000	0.499997	0.499997
2.982000	0.499997	0.499997
2.983000	0.499997	0.499997
2.984000	0.499997	0.499997
2.985000	0.499997	0.499997
2.986000	0.499997	0.499997
2.987000	0.499997	0.499997
2.988000	0.499997	0.499997
2.989000	0.499997	0.499997
2.990000	0.499997	0.499997
2.991000	0.499997	0.499997
2.992000	0.499997	0.499997
2.993000	0.499997	0.499997
2.994000	0.499997	0.499997
2.995000	0.499997	0.499997
2.996000	0.499997	0.499997
2.997000	0.499997	0.499997
2.998000	0.499997	0.499997
2.999000	0.499997	0.499997
3.000000	0.499997	0.499997
