Time	Exact_Real	VQTE_Real
0.000000	-0.000000	0.000000
0.001000	0.001248	0.001248
0.002000	0.002494	0.002494
0.003000	0.003736	0.003736
0.004000	0.004975	0.004975
0.005000	0.006211	0.006211
0.006000	0.007444	0.007444
0.007000	0.008674	0.008674
0.008000	0.009901	0.009901
0.009000	0.011124	0.011125
0.010000	0.012345	0.012345
0.011000	0.013563	0.013563
0.012000	0.014777	0.014777
0.013000	0.015989	0.015989
0.014000	0.017197	0.017198
0.015000	0.018403	0.018403
0.016000	0.019605	0.019606
0.017000	0.020805	0.020805
0.018000	0.022001	0.022002
0.019000	0.023195	0.023195
0.020000	0.024385	0.024386
0.021000	0.025573	0.025574
0.022000	0.026757	0.026758
0.023000	0.027939	0.027940
0.024000	0.029118	0.029119
0.025000	0.030293	0.030295
0.026000	0.031466	0.031467
0.027000	0.032636	0.032637
0.028000	0.033803	0.033804
0.029000	0.034967	0.034969
0.030000	0.036128	0.036130
0.031000	0.037286	0.037288
0.032000	0.038442	0.038444
0.033000	0.039594	0.039596
0.034000	0.040744	0.040746
0.035000	0.041891	0.041893
0.036000	0.043034	0.043037
0.037000	0.044175	0.044178
0.038000	0.045314	0.045316
0.039000	0.046449	0.046451
0.040000	0.047581	0.047584
0.041000	0.048711	0.048714
0.042000	0.049838	0.049841
0.043000	0.050962	0.050965
0.044000	0.052083	0.052086
0.045000	0.053201	0.053205
0.046000	0.054317	0.054321
0.047000	0.055430	0.055434
0.048000	0.056540	0.056544
0.049000	0.057647	0.057651
0.050000	0.058752	0.058756
0.051000	0.059853	0.059858
0.052000	0.060952	0.060957
0.053000	0.062049	0.062053
0.054000	0.063142	0.063147
0.055000	0.064233	0.064238
0.056000	0.065321	0.065326
0.057000	0.066406	0.066412
0.058000	0.067489	0.067494
0.059000	0.068569	0.068575
0.060000	0.069646	0.069652
0.061000	0.070721	0.070727
0.062000	0.071792	0.071799
0.063000	0.072862	0.072868
0.064000	0.073928	0.073935
0.065000	0.074992	0.074999
0.066000	0.076053	0.076060
0.067000	0.077112	0.077119
0.068000	0.078168	0.078175
0.069000	0.079221	0.079229
0.070000	0.080271	0.080279
0.071000	0.081320	0.081328
0.072000	0.082365	0.082373
0.073000	0.083408	0.083416
0.074000	0.084448	0.084457
0.075000	0.085485	0.085494
0.076000	0.086520	0.086530
0.077000	0.087553	0.087562
0.078000	0.088583	0.088592
0.079000	0.089610	0.089620
0.080000	0.090635	0.090645
0.081000	0.091657	0.091667
0.082000	0.092676	0.092687
0.083000	0.093693	0.093704
0.084000	0.094708	0.094719
0.085000	0.095720	0.095731
0.086000	0.096729	0.096741
0.087000	0.097736	0.097748
0.088000	0.098741	0.098753
0.089000	0.099742	0.099755
0.090000	0.100742	0.100754
0.091000	0.101739	0.101752
0.092000	0.102733	0.102746
0.093000	0.103725	0.103738
0.094000	0.104715	0.104728
0.095000	0.105702	0.105715
0.096000	0.106686	0.106700
0.097000	0.107668	0.107682
0.098000	0.108648	0.108662
0.099000	0.109625	0.109640
0.100000	0.110600	0.110615
0.101000	0.111572	0.111587
0.102000	0.112542	0.112557
0.103000	0.113509	0.113525
0.104000	0.114474	0.114490
0.105000	0.115437	0.115453
0.106000	0.116397	0.116414
0.107000	0.117355	0.117372
0.108000	0.118310	0.118327
0.109000	0.119263	0.119281
0.110000	0.120214	0.120232
0.111000	0.121162	0.121180
0.112000	0.122108	0.122126
0.113000	0.123052	0.123070
0.114000	0.123993	0.124012
0.115000	0.124932	0.124951
0.116000	0.125868	0.125888
0.117000	0.126802	0.126822
0.118000	0.127734	0.127754
0.119000	0.128664	0.128684
0.120000	0.129591	0.129611
0.121000	0.130516	0.130537
0.122000	0.131438	0.131459
0.123000	0.132359	0.132380
0.124000	0.133277	0.133298
0.125000	0.134192	0.134214
0.126000	0.135106	0.135128
0.127000	0.136017	0.136039
0.128000	0.136925	0.136948
0.129000	0.137832	0.137855
0.130000	0.138736	0.138760
0.131000	0.139638	0.139662
0.132000	0.140538	0.140562
0.133000	0.141436	0.141460
0.134000	0.142331	0.142356
0.135000	0.143224	0.143249
0.136000	0.144115	0.144140
0.137000	0.145003	0.145029
0.138000	0.145890	0.145916
0.139000	0.146774	0.146800
0.140000	0.147656	0.147682
0.141000	0.148536	0.148562
0.142000	0.149413	0.149440
0.143000	0.150289	0.150316
0.144000	0.151162	0.151189
0.145000	0.152033	0.152061
0.146000	0.152902	0.152930
0.147000	0.153768	0.153797
0.148000	0.154633	0.154662
0.149000	0.155495	0.155524
0.150000	0.156355	0.156385
0.151000	0.157213	0.157243
0.152000	0.158069	0.158099
0.153000	0.158923	0.158953
0.154000	0.159775	0.159805
0.155000	0.160624	0.160655
0.156000	0.161472	0.161503
0.157000	0.162317	0.162348
0.158000	0.163160	0.163192
0.159000	0.164001	0.164033
0.160000	0.164840	0.164873
0.161000	0.165677	0.165710
0.162000	0.166512	0.166545
0.163000	0.167344	0.167378
0.164000	0.168175	0.168209
0.165000	0.169003	0.169038
0.166000	0.169830	0.169864
0.167000	0.170654	0.170689
0.168000	0.171477	0.171512
0.169000	0.172297	0.172332
0.170000	0.173115	0.173151
0.171000	0.173931	0.173967
0.172000	0.174745	0.174782
0.173000	0.175558	0.175594
0.174000	0.176368	0.176405
0.175000	0.177176	0.177213
0.176000	0.177982	0.178020
0.177000	0.178786	0.178824
0.178000	0.179588	0.179626
0.179000	0.180388	0.180427
0.180000	0.181186	0.181225
0.181000	0.181982	0.182021
0.182000	0.182776	0.182816
0.183000	0.183568	0.183608
0.184000	0.184358	0.184398
0.185000	0.185146	0.185187
0.186000	0.185932	0.185973
0.187000	0.186717	0.186758
0.188000	0.187499	0.187540
0.189000	0.188279	0.188321
0.190000	0.189057	0.189100
0.191000	0.189834	0.189876
0.192000	0.190608	0.190651
0.193000	0.191381	0.191424
0.194000	0.192151	0.192195
0.195000	0.192920	0.192964
0.196000	0.193687	0.193731
0.197000	0.194452	0.194496
0.198000	0.195215	0.195259
0.199000	0.195976	0.196021
0.200000	0.196735	0.196780
0.201000	0.197492	0.197538
0.202000	0.198247	0.198293
0.203000	0.199001	0.199047
0.204000	0.199752	0.199799
0.205000	0.200502	0.200549
0.206000	0.201250	0.201297
0.207000	0.201996	0.202043
0.208000	0.202740	0.202788
0.209000	0.203482	0.203530
0.210000	0.204222	0.204271
0.211000	0.204961	0.205010
0.212000	0.205698	0.205747
0.213000	0.206432	0.206482
0.214000	0.207165	0.207215
0.215000	0.207897	0.207947
0.216000	0.208626	0.208677
0.217000	0.209353	0.209404
0.218000	0.210079	0.210130
0.219000	0.210803	0.210855
0.220000	0.211525	0.211577
0.221000	0.212245	0.212298
0.222000	0.212964	0.213016
0.223000	0.213681	0.213733
0.224000	0.214395	0.214449
0.225000	0.215109	0.215162
0.226000	0.215820	0.215874
0.227000	0.216529	0.216584
0.228000	0.217237	0.217292
0.229000	0.217943	0.217998
0.230000	0.218648	0.218703
0.231000	0.219350	0.219406
0.232000	0.220051	0.220107
0.233000	0.220750	0.220806
0.234000	0.221447	0.221503
0.235000	0.222143	0.222199
0.236000	0.222836	0.222893
0.237000	0.223528	0.223586
0.238000	0.224219	0.224276
0.239000	0.224907	0.224965
0.240000	0.225594	0.225653
0.241000	0.226279	0.226338
0.242000	0.226963	0.227022
0.243000	0.227645	0.227704
0.244000	0.228325	0.228384
0.245000	0.229003	0.229063
0.246000	0.229680	0.229740
0.247000	0.230355	0.230415
0.248000	0.231028	0.231089
0.249000	0.231699	0.231761
0.250000	0.232369	0.232431
0.251000	0.233038	0.233099
0.252000	0.233704	0.233766
0.253000	0.234369	0.234431
0.254000	0.235032	0.235095
0.255000	0.235694	0.235757
0.256000	0.236354	0.236417
0.257000	0.237012	0.237076
0.258000	0.237669	0.237733
0.259000	0.238324	0.238388
0.260000	0.238977	0.239042
0.261000	0.239629	0.239694
0.262000	0.240279	0.240344
0.263000	0.240927	0.240993
0.264000	0.241574	0.241640
0.265000	0.242220	0.242286
0.266000	0.242863	0.242930
0.267000	0.243505	0.243572
0.268000	0.244146	0.244213
0.269000	0.244785	0.244852
0.270000	0.245422	0.245489
0.271000	0.246057	0.246125
0.272000	0.246692	0.246760
0.273000	0.247324	0.247392
0.274000	0.247955	0.248024
0.275000	0.248584	0.248653
0.276000	0.249212	0.249281
0.277000	0.249838	0.249908
0.278000	0.250463	0.250533
0.279000	0.251086	0.251156
0.280000	0.251707	0.251778
0.281000	0.252327	0.252398
0.282000	0.252946	0.253017
0.283000	0.253563	0.253634
0.284000	0.254178	0.254250
0.285000	0.254792	0.254864
0.286000	0.255404	0.255476
0.287000	0.256015	0.256087
0.288000	0.256624	0.256697
0.289000	0.257232	0.257305
0.290000	0.257838	0.257911
0.291000	0.258442	0.258516
0.292000	0.259046	0.259119
0.293000	0.259647	0.259721
0.294000	0.260247	0.260322
0.295000	0.260846	0.260921
0.296000	0.261443	0.261518
0.297000	0.262039	0.262114
0.298000	0.262633	0.262709
0.299000	0.263226	0.263301
0.300000	0.263817	0.263893
0.301000	0.264406	0.264483
0.302000	0.264995	0.265071
0.303000	0.265581	0.265659
0.304000	0.266167	0.266244
0.305000	0.266751	0.266828
0.306000	0.267333	0.267411
0.307000	0.267914	0.267992
0.308000	0.268493	0.268572
0.309000	0.269072	0.269150
0.310000	0.269648	0.269727
0.311000	0.270223	0.270303
0.312000	0.270797	0.270877
0.313000	0.271369	0.271449
0.314000	0.271940	0.272020
0.315000	0.272510	0.272590
0.316000	0.273078	0.273158
0.317000	0.273644	0.273725
0.318000	0.274209	0.274290
0.319000	0.274773	0.274855
0.320000	0.275336	0.275417
0.321000	0.275896	0.275978
0.322000	0.276456	0.276538
0.323000	0.277014	0.277097
0.324000	0.277571	0.277654
0.325000	0.278126	0.278209
0.326000	0.278680	0.278764
0.327000	0.279233	0.279316
0.328000	0.279784	0.279868
0.329000	0.280334	0.280418
0.330000	0.280883	0.280967
0.331000	0.281430	0.281514
0.332000	0.281975	0.282060
0.333000	0.282520	0.282605
0.334000	0.283063	0.283148
0.335000	0.283604	0.283690
0.336000	0.284145	0.284230
0.337000	0.284684	0.284770
0.338000	0.285221	0.285308
0.339000	0.285758	0.285844
0.340000	0.286293	0.286379
0.341000	0.286826	0.286913
0.342000	0.287358	0.287446
0.343000	0.287889	0.287977
0.344000	0.288419	0.288507
0.345000	0.288947	0.289035
0.346000	0.289474	0.289562
0.347000	0.290000	0.290088
0.348000	0.290524	0.290613
0.349000	0.291047	0.291136
0.350000	0.291569	0.291658
0.351000	0.292089	0.292179
0.352000	0.292609	0.292698
0.353000	0.293126	0.293216
0.354000	0.293643	0.293733
0.355000	0.294158	0.294248
0.356000	0.294672	0.294763
0.357000	0.295185	0.295276
0.358000	0.295696	0.295787
0.359000	0.296206	0.296298
0.360000	0.296715	0.296807
0.361000	0.297223	0.297314
0.362000	0.297729	0.297821
0.363000	0.298234	0.298326
0.364000	0.298738	0.298830
0.365000	0.299240	0.299333
0.366000	0.299742	0.299834
0.367000	0.300242	0.300335
0.368000	0.300740	0.300834
0.369000	0.301238	0.301331
0.370000	0.301734	0.301828
0.371000	0.302229	0.302323
0.372000	0.302723	0.302817
0.373000	0.303216	0.303310
0.374000	0.303707	0.303802
0.375000	0.304197	0.304292
0.376000	0.304686	0.304781
0.377000	0.305174	0.305269
0.378000	0.305660	0.305756
0.379000	0.306145	0.306241
0.380000	0.306629	0.306725
0.381000	0.307112	0.307208
0.382000	0.307594	0.307690
0.383000	0.308074	0.308171
0.384000	0.308554	0.308650
0.385000	0.309032	0.309128
0.386000	0.309508	0.309605
0.387000	0.309984	0.310081
0.388000	0.310458	0.310556
0.389000	0.310932	0.311029
0.390000	0.311404	0.311502
0.391000	0.311875	0.311973
0.392000	0.312344	0.312443
0.393000	0.312813	0.312911
0.394000	0.313280	0.313379
0.395000	0.313747	0.313845
0.396000	0.314212	0.314311
0.397000	0.314676	0.314775
0.398000	0.315138	0.315238
0.399000	0.315600	0.315699
0.400000	0.316060	0.316160
0.401000	0.316520	0.316619
0.402000	0.316978	0.317078
0.403000	0.317435	0.317535
0.404000	0.317891	0.317991
0.405000	0.318345	0.318446
0.406000	0.318799	0.318900
0.407000	0.319251	0.319352
0.408000	0.319703	0.319804
0.409000	0.320153	0.320254
0.410000	0.320602	0.320703
0.411000	0.321050	0.321151
0.412000	0.321497	0.321598
0.413000	0.321942	0.322044
0.414000	0.322387	0.322489
0.415000	0.322830	0.322933
0.416000	0.323273	0.323375
0.417000	0.323714	0.323817
0.418000	0.324154	0.324257
0.419000	0.324593	0.324696
0.420000	0.325031	0.325134
0.421000	0.325468	0.325572
0.422000	0.325904	0.326007
0.423000	0.326338	0.326442
0.424000	0.326772	0.326876
0.425000	0.327205	0.327309
0.426000	0.327636	0.327740
0.427000	0.328066	0.328171
0.428000	0.328496	0.328600
0.429000	0.328924	0.329029
0.430000	0.329351	0.329456
0.431000	0.329777	0.329882
0.432000	0.330202	0.330308
0.433000	0.330626	0.330732
0.434000	0.331049	0.331155
0.435000	0.331471	0.331577
0.436000	0.331892	0.331998
0.437000	0.332311	0.332418
0.438000	0.332730	0.332836
0.439000	0.333148	0.333254
0.440000	0.333564	0.333671
0.441000	0.333980	0.334087
0.442000	0.334395	0.334501
0.443000	0.334808	0.334915
0.444000	0.335221	0.335328
0.445000	0.335632	0.335739
0.446000	0.336042	0.336150
0.447000	0.336452	0.336559
0.448000	0.336860	0.336968
0.449000	0.337267	0.337375
0.450000	0.337674	0.337782
0.451000	0.338079	0.338187
0.452000	0.338483	0.338592
0.453000	0.338887	0.338995
0.454000	0.339289	0.339397
0.455000	0.339690	0.339799
0.456000	0.340090	0.340199
0.457000	0.340490	0.340599
0.458000	0.340888	0.340997
0.459000	0.341285	0.341395
0.460000	0.341682	0.341791
0.461000	0.342077	0.342186
0.462000	0.342471	0.342581
0.463000	0.342865	0.342974
0.464000	0.343257	0.343367
0.465000	0.343648	0.343758
0.466000	0.344039	0.344149
0.467000	0.344428	0.344538
0.468000	0.344817	0.344927
0.469000	0.345204	0.345315
0.470000	0.345591	0.345701
0.471000	0.345976	0.346087
0.472000	0.346361	0.346471
0.473000	0.346744	0.346855
0.474000	0.347127	0.347238
0.475000	0.347509	0.347620
0.476000	0.347889	0.348001
0.477000	0.348269	0.348381
0.478000	0.348648	0.348760
0.479000	0.349026	0.349138
0.480000	0.349403	0.349515
0.481000	0.349779	0.349891
0.482000	0.350154	0.350266
0.483000	0.350528	0.350640
0.484000	0.350901	0.351014
0.485000	0.351274	0.351386
0.486000	0.351645	0.351757
0.487000	0.352015	0.352128
0.488000	0.352385	0.352498
0.489000	0.352753	0.352866
0.490000	0.353121	0.353234
0.491000	0.353488	0.353601
0.492000	0.353854	0.353967
0.493000	0.354219	0.354332
0.494000	0.354583	0.354696
0.495000	0.354946	0.355059
0.496000	0.355308	0.355421
0.497000	0.355669	0.355783
0.498000	0.356030	0.356143
0.499000	0.356389	0.356503
0.500000	0.356748	0.356861
0.501000	0.357105	0.357219
0.502000	0.357462	0.357576
0.503000	0.357818	0.357932
0.504000	0.358173	0.358287
0.505000	0.358527	0.358641
0.506000	0.358880	0.358995
0.507000	0.359233	0.359347
0.508000	0.359584	0.359699
0.509000	0.359935	0.360049
0.510000	0.360285	0.360399
0.511000	0.360633	0.360748
0.512000	0.360981	0.361096
0.513000	0.361328	0.361444
0.514000	0.361675	0.361790
0.515000	0.362020	0.362135
0.516000	0.362365	0.362480
0.517000	0.362708	0.362824
0.518000	0.363051	0.363167
0.519000	0.363393	0.363509
0.520000	0.363734	0.363850
0.521000	0.364074	0.364190
0.522000	0.364414	0.364530
0.523000	0.364752	0.364868
0.524000	0.365090	0.365206
0.525000	0.365427	0.365543
0.526000	0.365763	0.365879
0.527000	0.366098	0.366214
0.528000	0.366432	0.366549
0.529000	0.366766	0.366882
0.530000	0.367099	0.367215
0.531000	0.367430	0.367547
0.532000	0.367761	0.367878
0.533000	0.368092	0.368208
0.534000	0.368421	0.368538
0.535000	0.368749	0.368866
0.536000	0.369077	0.369194
0.537000	0.369404	0.369521
0.538000	0.369730	0.369847
0.539000	0.370055	0.370172
0.540000	0.370380	0.370497
0.541000	0.370704	0.370821
0.542000	0.371026	0.371143
0.543000	0.371348	0.371466
0.544000	0.371670	0.371787
0.545000	0.371990	0.372107
0.546000	0.372310	0.372427
0.547000	0.372628	0.372746
0.548000	0.372947	0.373064
0.549000	0.373264	0.373381
0.550000	0.373580	0.373698
0.551000	0.373896	0.374014
0.552000	0.374211	0.374328
0.553000	0.374525	0.374643
0.554000	0.374838	0.374956
0.555000	0.375151	0.375268
0.556000	0.375462	0.375580
0.557000	0.375773	0.375891
0.558000	0.376083	0.376201
0.559000	0.376393	0.376511
0.560000	0.376702	0.376820
0.561000	0.377009	0.377128
0.562000	0.377316	0.377435
0.563000	0.377623	0.377741
0.564000	0.377928	0.378047
0.565000	0.378233	0.378351
0.566000	0.378537	0.378656
0.567000	0.378840	0.378959
0.568000	0.379143	0.379261
0.569000	0.379445	0.379563
0.570000	0.379746	0.379864
0.571000	0.380046	0.380165
0.572000	0.380346	0.380464
0.573000	0.380644	0.380763
0.574000	0.380942	0.381061
0.575000	0.381240	0.381358
0.576000	0.381536	0.381655
0.577000	0.381832	0.381951
0.578000	0.382127	0.382246
0.579000	0.382421	0.382540
0.580000	0.382715	0.382834
0.581000	0.383008	0.383127
0.582000	0.383300	0.383419
0.583000	0.383591	0.383710
0.584000	0.383882	0.384001
0.585000	0.384172	0.384291
0.586000	0.384461	0.384580
0.587000	0.384749	0.384869
0.588000	0.385037	0.385156
0.589000	0.385324	0.385443
0.590000	0.385611	0.385730
0.591000	0.385896	0.386015
0.592000	0.386181	0.386300
0.593000	0.386465	0.386585
0.594000	0.386749	0.386868
0.595000	0.387032	0.387151
0.596000	0.387314	0.387433
0.597000	0.387595	0.387714
0.598000	0.387876	0.387995
0.599000	0.388156	0.388275
0.600000	0.388435	0.388554
0.601000	0.388713	0.388833
0.602000	0.388991	0.389111
0.603000	0.389269	0.389388
0.604000	0.389545	0.389664
0.605000	0.389821	0.389940
0.606000	0.390096	0.390215
0.607000	0.390370	0.390490
0.608000	0.390644	0.390764
0.609000	0.390917	0.391037
0.610000	0.391189	0.391309
0.611000	0.391461	0.391581
0.612000	0.391732	0.391852
0.613000	0.392002	0.392122
0.614000	0.392272	0.392392
0.615000	0.392541	0.392661
0.616000	0.392809	0.392929
0.617000	0.393077	0.393197
0.618000	0.393344	0.393464
0.619000	0.393610	0.393730
0.620000	0.393876	0.393996
0.621000	0.394141	0.394261
0.622000	0.394405	0.394525
0.623000	0.394669	0.394789
0.624000	0.394932	0.395052
0.625000	0.395194	0.395314
0.626000	0.395456	0.395576
0.627000	0.395717	0.395837
0.628000	0.395977	0.396097
0.629000	0.396237	0.396357
0.630000	0.396496	0.396616
0.631000	0.396755	0.396874
0.632000	0.397012	0.397132
0.633000	0.397270	0.397389
0.634000	0.397526	0.397646
0.635000	0.397782	0.397902
0.636000	0.398037	0.398157
0.637000	0.398292	0.398411
0.638000	0.398546	0.398665
0.639000	0.398799	0.398919
0.640000	0.399052	0.399171
0.641000	0.399304	0.399423
0.642000	0.399555	0.399675
0.643000	0.399806	0.399926
0.644000	0.400056	0.400176
0.645000	0.400306	0.400425
0.646000	0.400555	0.400674
0.647000	0.400803	0.400922
0.648000	0.401051	0.401170
0.649000	0.401298	0.401417
0.650000	0.401544	0.401664
0.651000	0.401790	0.401909
0.652000	0.402035	0.402155
0.653000	0.402280	0.402399
0.654000	0.402524	0.402643
0.655000	0.402767	0.402887
0.656000	0.403010	0.403129
0.657000	0.403252	0.403371
0.658000	0.403494	0.403613
0.659000	0.403735	0.403854
0.660000	0.403975	0.404094
0.661000	0.404215	0.404334
0.662000	0.404454	0.404573
0.663000	0.404693	0.404812
0.664000	0.404931	0.405050
0.665000	0.405168	0.405287
0.666000	0.405405	0.405524
0.667000	0.405641	0.405760
0.668000	0.405876	0.405996
0.669000	0.406111	0.406231
0.670000	0.406346	0.406465
0.671000	0.406580	0.406699
0.672000	0.406813	0.406932
0.673000	0.407046	0.407165
0.674000	0.407278	0.407397
0.675000	0.407509	0.407628
0.676000	0.407740	0.407859
0.677000	0.407971	0.408089
0.678000	0.408200	0.408319
0.679000	0.408430	0.408548
0.680000	0.408658	0.408777
0.681000	0.408886	0.409005
0.682000	0.409114	0.409233
0.683000	0.409341	0.409459
0.684000	0.409567	0.409686
0.685000	0.409793	0.409912
0.686000	0.410018	0.410137
0.687000	0.410243	0.410361
0.688000	0.410467	0.410585
0.689000	0.410690	0.410809
0.690000	0.410913	0.411032
0.691000	0.411136	0.411254
0.692000	0.411358	0.411476
0.693000	0.411579	0.411697
0.694000	0.411800	0.411918
0.695000	0.412020	0.412138
0.696000	0.412240	0.412358
0.697000	0.412459	0.412577
0.698000	0.412678	0.412796
0.699000	0.412896	0.413014
0.700000	0.413113	0.413231
0.701000	0.413330	0.413448
0.702000	0.413546	0.413664
0.703000	0.413762	0.413880
0.704000	0.413978	0.414095
0.705000	0.414192	0.414310
0.706000	0.414407	0.414524
0.707000	0.414620	0.414738
0.708000	0.414834	0.414951
0.709000	0.415046	0.415164
0.710000	0.415258	0.415376
0.711000	0.415470	0.415587
0.712000	0.415681	0.415798
0.713000	0.415891	0.416009
0.714000	0.416101	0.416219
0.715000	0.416311	0.416428
0.716000	0.416520	0.416637
0.717000	0.416728	0.416846
0.718000	0.416936	0.417054
0.719000	0.417144	0.417261
0.720000	0.417351	0.417468
0.721000	0.417557	0.417674
0.722000	0.417763	0.417880
0.723000	0.417968	0.418085
0.724000	0.418173	0.418290
0.725000	0.418377	0.418494
0.726000	0.418581	0.418698
0.727000	0.418784	0.418901
0.728000	0.418987	0.419104
0.729000	0.419189	0.419306
0.730000	0.419391	0.419508
0.731000	0.419592	0.419709
0.732000	0.419793	0.419910
0.733000	0.419993	0.420110
0.734000	0.420193	0.420310
0.735000	0.420393	0.420509
0.736000	0.420591	0.420708
0.737000	0.420790	0.420906
0.738000	0.420987	0.421104
0.739000	0.421185	0.421301
0.740000	0.421381	0.421498
0.741000	0.421578	0.421694
0.742000	0.421774	0.421890
0.743000	0.421969	0.422085
0.744000	0.422164	0.422280
0.745000	0.422358	0.422474
0.746000	0.422552	0.422668
0.747000	0.422745	0.422861
0.748000	0.422938	0.423054
0.749000	0.423131	0.423246
0.750000	0.423323	0.423438
0.751000	0.423514	0.423629
0.752000	0.423705	0.423820
0.753000	0.423895	0.424011
0.754000	0.424085	0.424201
0.755000	0.424275	0.424390
0.756000	0.424464	0.424579
0.757000	0.424653	0.424768
0.758000	0.424841	0.424956
0.759000	0.425028	0.425143
0.760000	0.425216	0.425331
0.761000	0.425402	0.425517
0.762000	0.425589	0.425703
0.763000	0.425774	0.425889
0.764000	0.425960	0.426074
0.765000	0.426145	0.426259
0.766000	0.426329	0.426444
0.767000	0.426513	0.426628
0.768000	0.426697	0.426811
0.769000	0.426880	0.426994
0.770000	0.427062	0.427176
0.771000	0.427244	0.427358
0.772000	0.427426	0.427540
0.773000	0.427607	0.427721
0.774000	0.427788	0.427902
0.775000	0.427968	0.428082
0.776000	0.428148	0.428262
0.777000	0.428327	0.428441
0.778000	0.428506	0.428620
0.779000	0.428685	0.428799
0.780000	0.428863	0.428977
0.781000	0.429041	0.429154
0.782000	0.429218	0.429331
0.783000	0.429394	0.429508
0.784000	0.429571	0.429684
0.785000	0.429747	0.429860
0.786000	0.429922	0.430035
0.787000	0.430097	0.430210
0.788000	0.430272	0.430385
0.789000	0.430446	0.430559
0.790000	0.430619	0.430732
0.791000	0.430793	0.430905
0.792000	0.430965	0.431078
0.793000	0.431138	0.431250
0.794000	0.431310	0.431422
0.795000	0.431481	0.431594
0.796000	0.431652	0.431765
0.797000	0.431823	0.431935
0.798000	0.431993	0.432105
0.799000	0.432163	0.432275
0.800000	0.432332	0.432444
0.801000	0.432501	0.432613
0.802000	0.432670	0.432782
0.803000	0.432838	0.432950
0.804000	0.433006	0.433117
0.805000	0.433173	0.433285
0.806000	0.433340	0.433451
0.807000	0.433506	0.433618
0.808000	0.433672	0.433784
0.809000	0.433838	0.433949
0.810000	0.434003	0.434114
0.811000	0.434168	0.434279
0.812000	0.434332	0.434443
0.813000	0.434496	0.434607
0.814000	0.434660	0.434771
0.815000	0.434823	0.434934
0.816000	0.434986	0.435097
0.817000	0.435148	0.435259
0.818000	0.435310	0.435421
0.819000	0.435471	0.435582
0.820000	0.435633	0.435743
0.821000	0.435793	0.435904
0.822000	0.435954	0.436064
0.823000	0.436113	0.436224
0.824000	0.436273	0.436383
0.825000	0.436432	0.436542
0.826000	0.436591	0.436701
0.827000	0.436749	0.436859
0.828000	0.436907	0.437017
0.829000	0.437065	0.437174
0.830000	0.437222	0.437331
0.831000	0.437379	0.437488
0.832000	0.437535	0.437644
0.833000	0.437691	0.437800
0.834000	0.437846	0.437956
0.835000	0.438002	0.438111
0.836000	0.438156	0.438266
0.837000	0.438311	0.438420
0.838000	0.438465	0.438574
0.839000	0.438619	0.438727
0.840000	0.438772	0.438881
0.841000	0.438925	0.439033
0.842000	0.439077	0.439186
0.843000	0.439229	0.439338
0.844000	0.439381	0.439490
0.845000	0.439532	0.439641
0.846000	0.439683	0.439792
0.847000	0.439834	0.439942
0.848000	0.439984	0.440092
0.849000	0.440134	0.440242
0.850000	0.440284	0.440391
0.851000	0.440433	0.440541
0.852000	0.440581	0.440689
0.853000	0.440730	0.440837
0.854000	0.440878	0.440985
0.855000	0.441025	0.441133
0.856000	0.441173	0.441280
0.857000	0.441319	0.441427
0.858000	0.441466	0.441573
0.859000	0.441612	0.441719
0.860000	0.441758	0.441865
0.861000	0.441903	0.442010
0.862000	0.442048	0.442155
0.863000	0.442193	0.442300
0.864000	0.442337	0.442444
0.865000	0.442481	0.442588
0.866000	0.442625	0.442732
0.867000	0.442768	0.442875
0.868000	0.442911	0.443018
0.869000	0.443054	0.443160
0.870000	0.443196	0.443302
0.871000	0.443338	0.443444
0.872000	0.443479	0.443585
0.873000	0.443620	0.443726
0.874000	0.443761	0.443867
0.875000	0.443902	0.444007
0.876000	0.444042	0.444147
0.877000	0.444181	0.444287
0.878000	0.444321	0.444426
0.879000	0.444460	0.444565
0.880000	0.444598	0.444704
0.881000	0.444737	0.444842
0.882000	0.444875	0.444980
0.883000	0.445012	0.445117
0.884000	0.445150	0.445255
0.885000	0.445287	0.445391
0.886000	0.445423	0.445528
0.887000	0.445560	0.445664
0.888000	0.445695	0.445800
0.889000	0.445831	0.445935
0.890000	0.445966	0.446071
0.891000	0.446101	0.446205
0.892000	0.446236	0.446340
0.893000	0.446370	0.446474
0.894000	0.446504	0.446608
0.895000	0.446638	0.446741
0.896000	0.446771	0.446874
0.897000	0.446904	0.447007
0.898000	0.447036	0.447140
0.899000	0.447168	0.447272
0.900000	0.447300	0.447404
0.901000	0.447432	0.447535
0.902000	0.447563	0.447666
0.903000	0.447694	0.447797
0.904000	0.447825	0.447928
0.905000	0.447955	0.448058
0.906000	0.448085	0.448188
0.907000	0.448215	0.448317
0.908000	0.448344	0.448446
0.909000	0.448473	0.448575
0.910000	0.448602	0.448704
0.911000	0.448730	0.448832
0.912000	0.448858	0.448960
0.913000	0.448986	0.449088
0.914000	0.449113	0.449215
0.915000	0.449240	0.449342
0.916000	0.449367	0.449469
0.917000	0.449493	0.449595
0.918000	0.449619	0.449721
0.919000	0.449745	0.449847
0.920000	0.449871	0.449972
0.921000	0.449996	0.450097
0.922000	0.450121	0.450222
0.923000	0.450245	0.450346
0.924000	0.450369	0.450470
0.925000	0.450493	0.450594
0.926000	0.450617	0.450718
0.927000	0.450740	0.450841
0.928000	0.450863	0.450964
0.929000	0.450986	0.451086
0.930000	0.451108	0.451209
0.931000	0.451230	0.451331
0.932000	0.451352	0.451452
0.933000	0.451474	0.451574
0.934000	0.451595	0.451695
0.935000	0.451716	0.451815
0.936000	0.451836	0.451936
0.937000	0.451956	0.452056
0.938000	0.452076	0.452176
0.939000	0.452196	0.452295
0.940000	0.452315	0.452415
0.941000	0.452434	0.452534
0.942000	0.452553	0.452652
0.943000	0.452672	0.452771
0.944000	0.452790	0.452889
0.945000	0.452908	0.453007
0.946000	0.453025	0.453124
0.947000	0.453143	0.453241
0.948000	0.453260	0.453358
0.949000	0.453376	0.453475
0.950000	0.453493	0.453591
0.951000	0.453609	0.453707
0.952000	0.453725	0.453823
0.953000	0.453840	0.453938
0.954000	0.453956	0.454053
0.955000	0.454070	0.454168
0.956000	0.454185	0.454283
0.957000	0.454300	0.454397
0.958000	0.454414	0.454511
0.959000	0.454527	0.454625
0.960000	0.454641	0.454738
0.961000	0.454754	0.454851
0.962000	0.454867	0.454964
0.963000	0.454980	0.455077
0.964000	0.455092	0.455189
0.965000	0.455204	0.455301
0.966000	0.455316	0.455413
0.967000	0.455428	0.455524
0.968000	0.455539	0.455636
0.969000	0.455650	0.455747
0.970000	0.455761	0.455857
0.971000	0.455871	0.455968
0.972000	0.455982	0.456078
0.973000	0.456091	0.456187
0.974000	0.456201	0.456297
0.975000	0.456310	0.456406
0.976000	0.456420	0.456515
0.977000	0.456528	0.456624
0.978000	0.456637	0.456732
0.979000	0.456745	0.456840
0.980000	0.456853	0.456948
0.981000	0.456961	0.457056
0.982000	0.457068	0.457163
0.983000	0.457176	0.457270
0.984000	0.457283	0.457377
0.985000	0.457389	0.457484
0.986000	0.457496	0.457590
0.987000	0.457602	0.457696
0.988000	0.457708	0.457802
0.989000	0.457813	0.457907
0.990000	0.457919	0.458013
0.991000	0.458024	0.458118
0.992000	0.458128	0.458222
0.993000	0.458233	0.458327
0.994000	0.458337	0.458431
0.995000	0.458441	0.458535
0.996000	0.458545	0.458639
0.997000	0.458649	0.458742
0.998000	0.458752	0.458845
0.999000	0.458855	0.458948
1.000000	0.458958	0.459051
1.001000	0.459060	0.459153
1.002000	0.459162	0.459255
1.003000	0.459264	0.459357
1.004000	0.459366	0.459459
1.005000	0.459467	0.459560
1.006000	0.459569	0.459661
1.007000	0.459669	0.459762
1.008000	0.459770	0.459862
1.009000	0.459871	0.459963
1.010000	0.459971	0.460063
1.011000	0.460071	0.460163
1.012000	0.460170	0.460262
1.013000	0.460270	0.460362
1.014000	0.460369	0.460461
1.015000	0.460468	0.460560
1.016000	0.460567	0.460658
1.017000	0.460665	0.460757
1.018000	0.460763	0.460855
1.019000	0.460861	0.460952
1.020000	0.460959	0.461050
1.021000	0.461057	0.461147
1.022000	0.461154	0.461245
1.023000	0.461251	0.461341
1.024000	0.461348	0.461438
1.025000	0.461444	0.461535
1.026000	0.461540	0.461631
1.027000	0.461636	0.461727
1.028000	0.461732	0.461822
1.029000	0.461828	0.461918
1.030000	0.461923	0.462013
1.031000	0.462018	0.462108
1.032000	0.462113	0.462203
1.033000	0.462208	0.462297
1.034000	0.462302	0.462391
1.035000	0.462396	0.462485
1.036000	0.462490	0.462579
1.037000	0.462584	0.462673
1.038000	0.462677	0.462766
1.039000	0.462770	0.462859
1.040000	0.462863	0.462952
1.041000	0.462956	0.463045
1.042000	0.463048	0.463137
1.043000	0.463141	0.463229
1.044000	0.463233	0.463321
1.045000	0.463325	0.463413
1.046000	0.463416	0.463504
1.047000	0.463507	0.463595
1.048000	0.463599	0.463686
1.049000	0.463689	0.463777
1.050000	0.463780	0.463868
1.051000	0.463871	0.463958
1.052000	0.463961	0.464048
1.053000	0.464051	0.464138
1.054000	0.464141	0.464228
1.055000	0.464230	0.464317
1.056000	0.464319	0.464406
1.057000	0.464408	0.464495
1.058000	0.464497	0.464584
1.059000	0.464586	0.464673
1.060000	0.464674	0.464761
1.061000	0.464763	0.464849
1.062000	0.464851	0.464937
1.063000	0.464938	0.465025
1.064000	0.465026	0.465112
1.065000	0.465113	0.465199
1.066000	0.465200	0.465286
1.067000	0.465287	0.465373
1.068000	0.465374	0.465460
1.069000	0.465460	0.465546
1.070000	0.465547	0.465632
1.071000	0.465633	0.465718
1.072000	0.465718	0.465804
1.073000	0.465804	0.465889
1.074000	0.465889	0.465975
1.075000	0.465975	0.466060
1.076000	0.466060	0.466144
1.077000	0.466144	0.466229
1.078000	0.466229	0.466314
1.079000	0.466313	0.466398
1.080000	0.466397	0.466482
1.081000	0.466481	0.466566
1.082000	0.466565	0.466649
1.083000	0.466648	0.466732
1.084000	0.466732	0.466816
1.085000	0.466815	0.466899
1.086000	0.466898	0.466981
1.087000	0.466980	0.467064
1.088000	0.467063	0.467146
1.089000	0.467145	0.467228
1.090000	0.467227	0.467310
1.091000	0.467309	0.467392
1.092000	0.467390	0.467474
1.093000	0.467472	0.467555
1.094000	0.467553	0.467636
1.095000	0.467634	0.467717
1.096000	0.467715	0.467798
1.097000	0.467795	0.467878
1.098000	0.467876	0.467958
1.099000	0.467956	0.468039
1.100000	0.468036	0.468118
1.101000	0.468116	0.468198
1.102000	0.468195	0.468278
1.103000	0.468275	0.468357
1.104000	0.468354	0.468436
1.105000	0.468433	0.468515
1.106000	0.468512	0.468594
1.107000	0.468591	0.468672
1.108000	0.468669	0.468750
1.109000	0.468747	0.468829
1.110000	0.468825	0.468907
1.111000	0.468903	0.468984
1.112000	0.468981	0.469062
1.113000	0.469058	0.469139
1.114000	0.469135	0.469216
1.115000	0.469213	0.469293
1.116000	0.469289	0.469370
1.117000	0.469366	0.469447
1.118000	0.469443	0.469523
1.119000	0.469519	0.469599
1.120000	0.469595	0.469675
1.121000	0.469671	0.469751
1.122000	0.469747	0.469827
1.123000	0.469822	0.469902
1.124000	0.469898	0.469977
1.125000	0.469973	0.470052
1.126000	0.470048	0.470127
1.127000	0.470122	0.470202
1.128000	0.470197	0.470276
1.129000	0.470271	0.470351
1.130000	0.470346	0.470425
1.131000	0.470420	0.470499
1.132000	0.470494	0.470573
1.133000	0.470567	0.470646
1.134000	0.470641	0.470719
1.135000	0.470714	0.470793
1.136000	0.470787	0.470866
1.137000	0.470860	0.470939
1.138000	0.470933	0.471011
1.139000	0.471005	0.471084
1.140000	0.471078	0.471156
1.141000	0.471150	0.471228
1.142000	0.471222	0.471300
1.143000	0.471294	0.471372
1.144000	0.471366	0.471443
1.145000	0.471437	0.471515
1.146000	0.471508	0.471586
1.147000	0.471580	0.471657
1.148000	0.471651	0.471728
1.149000	0.471721	0.471798
1.150000	0.471792	0.471869
1.151000	0.471862	0.471939
1.152000	0.471933	0.472009
1.153000	0.472003	0.472079
1.154000	0.472073	0.472149
1.155000	0.472142	0.472219
1.156000	0.472212	0.472288
1.157000	0.472281	0.472358
1.158000	0.472350	0.472427
1.159000	0.472420	0.472496
1.160000	0.472488	0.472564
1.161000	0.472557	0.472633
1.162000	0.472626	0.472701
1.163000	0.472694	0.472770
1.164000	0.472762	0.472838
1.165000	0.472830	0.472906
1.166000	0.472898	0.472973
1.167000	0.472966	0.473041
1.168000	0.473033	0.473108
1.169000	0.473100	0.473176
1.170000	0.473168	0.473243
1.171000	0.473235	0.473310
1.172000	0.473301	0.473376
1.173000	0.473368	0.473443
1.174000	0.473435	0.473509
1.175000	0.473501	0.473575
1.176000	0.473567	0.473641
1.177000	0.473633	0.473707
1.178000	0.473699	0.473773
1.179000	0.473765	0.473839
1.180000	0.473830	0.473904
1.181000	0.473895	0.473969
1.182000	0.473961	0.474034
1.183000	0.474026	0.474099
1.184000	0.474091	0.474164
1.185000	0.474155	0.474229
1.186000	0.474220	0.474293
1.187000	0.474284	0.474357
1.188000	0.474348	0.474421
1.189000	0.474412	0.474485
1.190000	0.474476	0.474549
1.191000	0.474540	0.474613
1.192000	0.474604	0.474676
1.193000	0.474667	0.474740
1.194000	0.474730	0.474803
1.195000	0.474793	0.474866
1.196000	0.474856	0.474929
1.197000	0.474919	0.474991
1.198000	0.474982	0.475054
1.199000	0.475044	0.475116
1.200000	0.475106	0.475178
1.201000	0.475169	0.475240
1.202000	0.475231	0.475302
1.203000	0.475292	0.475364
1.204000	0.475354	0.475426
1.205000	0.475416	0.475487
1.206000	0.475477	0.475548
1.207000	0.475538	0.475609
1.208000	0.475599	0.475670
1.209000	0.475660	0.475731
1.210000	0.475721	0.475792
1.211000	0.475782	0.475852
1.212000	0.475842	0.475913
1.213000	0.475903	0.475973
1.214000	0.475963	0.476033
1.215000	0.476023	0.476093
1.216000	0.476083	0.476153
1.217000	0.476142	0.476212
1.218000	0.476202	0.476272
1.219000	0.476261	0.476331
1.220000	0.476321	0.476390
1.221000	0.476380	0.476449
1.222000	0.476439	0.476508
1.223000	0.476497	0.476567
1.224000	0.476556	0.476626
1.225000	0.476615	0.476684
1.226000	0.476673	0.476742
1.227000	0.476731	0.476800
1.228000	0.476789	0.476858
1.229000	0.476847	0.476916
1.230000	0.476905	0.476974
1.231000	0.476963	0.477032
1.232000	0.477020	0.477089
1.233000	0.477078	0.477146
1.234000	0.477135	0.477203
1.235000	0.477192	0.477260
1.236000	0.477249	0.477317
1.237000	0.477306	0.477374
1.238000	0.477362	0.477431
1.239000	0.477419	0.477487
1.240000	0.477475	0.477543
1.241000	0.477532	0.477599
1.242000	0.477588	0.477655
1.243000	0.477644	0.477711
1.244000	0.477700	0.477767
1.245000	0.477755	0.477823
1.246000	0.477811	0.477878
1.247000	0.477866	0.477933
1.248000	0.477921	0.477988
1.249000	0.477977	0.478043
1.250000	0.478032	0.478098
1.251000	0.478086	0.478153
1.252000	0.478141	0.478208
1.253000	0.478196	0.478262
1.254000	0.478250	0.478317
1.255000	0.478304	0.478371
1.256000	0.478359	0.478425
1.257000	0.478413	0.478479
1.258000	0.478467	0.478533
1.259000	0.478520	0.478586
1.260000	0.478574	0.478640
1.261000	0.478627	0.478693
1.262000	0.478681	0.478746
1.263000	0.478734	0.478800
1.264000	0.478787	0.478853
1.265000	0.478840	0.478905
1.266000	0.478893	0.478958
1.267000	0.478946	0.479011
1.268000	0.478998	0.479063
1.269000	0.479051	0.479116
1.270000	0.479103	0.479168
1.271000	0.479155	0.479220
1.272000	0.479207	0.479272
1.273000	0.479259	0.479324
1.274000	0.479311	0.479375
1.275000	0.479363	0.479427
1.276000	0.479414	0.479478
1.277000	0.479465	0.479530
1.278000	0.479517	0.479581
1.279000	0.479568	0.479632
1.280000	0.479619	0.479683
1.281000	0.479670	0.479734
1.282000	0.479721	0.479784
1.283000	0.479771	0.479835
1.284000	0.479822	0.479885
1.285000	0.479872	0.479935
1.286000	0.479922	0.479986
1.287000	0.479972	0.480036
1.288000	0.480022	0.480086
1.289000	0.480072	0.480135
1.290000	0.480122	0.480185
1.291000	0.480172	0.480235
1.292000	0.480221	0.480284
1.293000	0.480271	0.480333
1.294000	0.480320	0.480382
1.295000	0.480369	0.480432
1.296000	0.480418	0.480480
1.297000	0.480467	0.480529
1.298000	0.480516	0.480578
1.299000	0.480564	0.480626
1.300000	0.480613	0.480675
1.301000	0.480661	0.480723
1.302000	0.480710	0.480771
1.303000	0.480758	0.480819
1.304000	0.480806	0.480867
1.305000	0.480854	0.480915
1.306000	0.480902	0.480963
1.307000	0.480949	0.481011
1.308000	0.480997	0.481058
1.309000	0.481044	0.481105
1.310000	0.481092	0.481153
1.311000	0.481139	0.481200
1.312000	0.481186	0.481247
1.313000	0.481233	0.481294
1.314000	0.481280	0.481340
1.315000	0.481326	0.481387
1.316000	0.481373	0.481434
1.317000	0.481420	0.481480
1.318000	0.481466	0.481526
1.319000	0.481512	0.481572
1.320000	0.481558	0.481619
1.321000	0.481604	0.481664
1.322000	0.481650	0.481710
1.323000	0.481696	0.481756
1.324000	0.481742	0.481802
1.325000	0.481788	0.481847
1.326000	0.481833	0.481893
1.327000	0.481878	0.481938
1.328000	0.481924	0.481983
1.329000	0.481969	0.482028
1.330000	0.482014	0.482073
1.331000	0.482059	0.482118
1.332000	0.482103	0.482162
1.333000	0.482148	0.482207
1.334000	0.482193	0.482252
1.335000	0.482237	0.482296
1.336000	0.482282	0.482340
1.337000	0.482326	0.482384
1.338000	0.482370	0.482428
1.339000	0.482414	0.482472
1.340000	0.482458	0.482516
1.341000	0.482502	0.482560
1.342000	0.482545	0.482603
1.343000	0.482589	0.482647
1.344000	0.482632	0.482690
1.345000	0.482676	0.482734
1.346000	0.482719	0.482777
1.347000	0.482762	0.482820
1.348000	0.482805	0.482863
1.349000	0.482848	0.482906
1.350000	0.482891	0.482948
1.351000	0.482934	0.482991
1.352000	0.482976	0.483033
1.353000	0.483019	0.483076
1.354000	0.483061	0.483118
1.355000	0.483103	0.483160
1.356000	0.483146	0.483202
1.357000	0.483188	0.483244
1.358000	0.483230	0.483286
1.359000	0.483272	0.483328
1.360000	0.483313	0.483370
1.361000	0.483355	0.483411
1.362000	0.483397	0.483453
1.363000	0.483438	0.483494
1.364000	0.483479	0.483536
1.365000	0.483521	0.483577
1.366000	0.483562	0.483618
1.367000	0.483603	0.483659
1.368000	0.483644	0.483700
1.369000	0.483685	0.483740
1.370000	0.483725	0.483781
1.371000	0.483766	0.483821
1.372000	0.483807	0.483862
1.373000	0.483847	0.483902
1.374000	0.483887	0.483943
1.375000	0.483928	0.483983
1.376000	0.483968	0.484023
1.377000	0.484008	0.484063
1.378000	0.484048	0.484102
1.379000	0.484087	0.484142
1.380000	0.484127	0.484182
1.381000	0.484167	0.484221
1.382000	0.484206	0.484261
1.383000	0.484246	0.484300
1.384000	0.484285	0.484339
1.385000	0.484324	0.484379
1.386000	0.484363	0.484418
1.387000	0.484403	0.484457
1.388000	0.484441	0.484495
1.389000	0.484480	0.484534
1.390000	0.484519	0.484573
1.391000	0.484558	0.484611
1.392000	0.484596	0.484650
1.393000	0.484635	0.484688
1.394000	0.484673	0.484727
1.395000	0.484711	0.484765
1.396000	0.484750	0.484803
1.397000	0.484788	0.484841
1.398000	0.484826	0.484879
1.399000	0.484864	0.484917
1.400000	0.484901	0.484954
1.401000	0.484939	0.484992
1.402000	0.484977	0.485029
1.403000	0.485014	0.485067
1.404000	0.485052	0.485104
1.405000	0.485089	0.485141
1.406000	0.485126	0.485179
1.407000	0.485163	0.485216
1.408000	0.485200	0.485253
1.409000	0.485237	0.485289
1.410000	0.485274	0.485326
1.411000	0.485311	0.485363
1.412000	0.485348	0.485400
1.413000	0.485384	0.485436
1.414000	0.485421	0.485472
1.415000	0.485457	0.485509
1.416000	0.485493	0.485545
1.417000	0.485530	0.485581
1.418000	0.485566	0.485617
1.419000	0.485602	0.485653
1.420000	0.485638	0.485689
1.421000	0.485674	0.485725
1.422000	0.485709	0.485760
1.423000	0.485745	0.485796
1.424000	0.485781	0.485832
1.425000	0.485816	0.485867
1.426000	0.485852	0.485902
1.427000	0.485887	0.485938
1.428000	0.485922	0.485973
1.429000	0.485957	0.486008
1.430000	0.485992	0.486043
1.431000	0.486027	0.486078
1.432000	0.486062	0.486112
1.433000	0.486097	0.486147
1.434000	0.486132	0.486182
1.435000	0.486166	0.486216
1.436000	0.486201	0.486251
1.437000	0.486235	0.486285
1.438000	0.486270	0.486319
1.439000	0.486304	0.486354
1.440000	0.486338	0.486388
1.441000	0.486372	0.486422
1.442000	0.486406	0.486456
1.443000	0.486440	0.486490
1.444000	0.486474	0.486523
1.445000	0.486508	0.486557
1.446000	0.486542	0.486591
1.447000	0.486575	0.486624
1.448000	0.486609	0.486658
1.449000	0.486642	0.486691
1.450000	0.486675	0.486724
1.451000	0.486709	0.486757
1.452000	0.486742	0.486791
1.453000	0.486775	0.486824
1.454000	0.486808	0.486857
1.455000	0.486841	0.486889
1.456000	0.486874	0.486922
1.457000	0.486907	0.486955
1.458000	0.486939	0.486987
1.459000	0.486972	0.487020
1.460000	0.487004	0.487052
1.461000	0.487037	0.487085
1.462000	0.487069	0.487117
1.463000	0.487102	0.487149
1.464000	0.487134	0.487181
1.465000	0.487166	0.487213
1.466000	0.487198	0.487245
1.467000	0.487230	0.487277
1.468000	0.487262	0.487309
1.469000	0.487294	0.487341
1.470000	0.487325	0.487373
1.471000	0.487357	0.487404
1.472000	0.487389	0.487436
1.473000	0.487420	0.487467
1.474000	0.487451	0.487498
1.475000	0.487483	0.487530
1.476000	0.487514	0.487561
1.477000	0.487545	0.487592
1.478000	0.487576	0.487623
1.479000	0.487607	0.487654
1.480000	0.487638	0.487685
1.481000	0.487669	0.487715
1.482000	0.487700	0.487746
1.483000	0.487731	0.487777
1.484000	0.487761	0.487807
1.485000	0.487792	0.487838
1.486000	0.487822	0.487868
1.487000	0.487853	0.487899
1.488000	0.487883	0.487929
1.489000	0.487913	0.487959
1.490000	0.487943	0.487989
1.491000	0.487974	0.488019
1.492000	0.488004	0.488049
1.493000	0.488034	0.488079
1.494000	0.488063	0.488109
1.495000	0.488093	0.488139
1.496000	0.488123	0.488168
1.497000	0.488153	0.488198
1.498000	0.488182	0.488227
1.499000	0.488212	0.488257
1.500000	0.488241	0.488286
1.501000	0.488270	0.488315
1.502000	0.488300	0.488345
1.503000	0.488329	0.488374
1.504000	0.488358	0.488403
1.505000	0.488387	0.488432
1.506000	0.488416	0.488461
1.507000	0.488445	0.488490
1.508000	0.488474	0.488518
1.509000	0.488503	0.488547
1.510000	0.488531	0.488576
1.511000	0.488560	0.488604
1.512000	0.488589	0.488633
1.513000	0.488617	0.488661
1.514000	0.488646	0.488689
1.515000	0.488674	0.488718
1.516000	0.488702	0.488746
1.517000	0.488730	0.488774
1.518000	0.488759	0.488802
1.519000	0.488787	0.488830
1.520000	0.488815	0.488858
1.521000	0.488843	0.488886
1.522000	0.488870	0.488914
1.523000	0.488898	0.488941
1.524000	0.488926	0.488969
1.525000	0.488954	0.488997
1.526000	0.488981	0.489024
1.527000	0.489009	0.489052
1.528000	0.489036	0.489079
1.529000	0.489063	0.489106
1.530000	0.489091	0.489133
1.531000	0.489118	0.489161
1.532000	0.489145	0.489188
1.533000	0.489172	0.489215
1.534000	0.489199	0.489242
1.535000	0.489226	0.489269
1.536000	0.489253	0.489295
1.537000	0.489280	0.489322
1.538000	0.489307	0.489349
1.539000	0.489333	0.489376
1.540000	0.489360	0.489402
1.541000	0.489387	0.489429
1.542000	0.489413	0.489455
1.543000	0.489440	0.489481
1.544000	0.489466	0.489508
1.545000	0.489492	0.489534
1.546000	0.489519	0.489560
1.547000	0.489545	0.489586
1.548000	0.489571	0.489612
1.549000	0.489597	0.489638
1.550000	0.489623	0.489664
1.551000	0.489649	0.489690
1.552000	0.489675	0.489716
1.553000	0.489700	0.489741
1.554000	0.489726	0.489767
1.555000	0.489752	0.489793
1.556000	0.489777	0.489818
1.557000	0.489803	0.489844
1.558000	0.489828	0.489869
1.559000	0.489854	0.489894
1.560000	0.489879	0.489920
1.561000	0.489904	0.489945
1.562000	0.489930	0.489970
1.563000	0.489955	0.489995
1.564000	0.489980	0.490020
1.565000	0.490005	0.490045
1.566000	0.490030	0.490070
1.567000	0.490055	0.490095
1.568000	0.490079	0.490119
1.569000	0.490104	0.490144
1.570000	0.490129	0.490169
1.571000	0.490154	0.490193
1.572000	0.490178	0.490218
1.573000	0.490203	0.490242
1.574000	0.490227	0.490267
1.575000	0.490252	0.490291
1.576000	0.490276	0.490315
1.577000	0.490300	0.490340
1.578000	0.490324	0.490364
1.579000	0.490349	0.490388
1.580000	0.490373	0.490412
1.581000	0.490397	0.490436
1.582000	0.490421	0.490460
1.583000	0.490445	0.490484
1.584000	0.490468	0.490507
1.585000	0.490492	0.490531
1.586000	0.490516	0.490555
1.587000	0.490540	0.490578
1.588000	0.490563	0.490602
1.589000	0.490587	0.490625
1.590000	0.490610	0.490649
1.591000	0.490634	0.490672
1.592000	0.490657	0.490696
1.593000	0.490681	0.490719
1.594000	0.490704	0.490742
1.595000	0.490727	0.490765
1.596000	0.490750	0.490788
1.597000	0.490773	0.490811
1.598000	0.490796	0.490834
1.599000	0.490819	0.490857
1.600000	0.490842	0.490880
1.601000	0.490865	0.490903
1.602000	0.490888	0.490926
1.603000	0.490911	0.490948
1.604000	0.490933	0.490971
1.605000	0.490956	0.490993
1.606000	0.490979	0.491016
1.607000	0.491001	0.491038
1.608000	0.491024	0.491061
1.609000	0.491046	0.491083
1.610000	0.491068	0.491105
1.611000	0.491091	0.491128
1.612000	0.491113	0.491150
1.613000	0.491135	0.491172
1.614000	0.491157	0.491194
1.615000	0.491179	0.491216
1.616000	0.491201	0.491238
1.617000	0.491223	0.491260
1.618000	0.491245	0.491282
1.619000	0.491267	0.491304
1.620000	0.491289	0.491325
1.621000	0.491311	0.491347
1.622000	0.491332	0.491369
1.623000	0.491354	0.491390
1.624000	0.491375	0.491412
1.625000	0.491397	0.491433
1.626000	0.491419	0.491455
1.627000	0.491440	0.491476
1.628000	0.491461	0.491497
1.629000	0.491483	0.491519
1.630000	0.491504	0.491540
1.631000	0.491525	0.491561
1.632000	0.491546	0.491582
1.633000	0.491567	0.491603
1.634000	0.491588	0.491624
1.635000	0.491609	0.491645
1.636000	0.491630	0.491666
1.637000	0.491651	0.491687
1.638000	0.491672	0.491708
1.639000	0.491693	0.491728
1.640000	0.491714	0.491749
1.641000	0.491734	0.491770
1.642000	0.491755	0.491790
1.643000	0.491776	0.491811
1.644000	0.491796	0.491831
1.645000	0.491817	0.491852
1.646000	0.491837	0.491872
1.647000	0.491857	0.491892
1.648000	0.491878	0.491913
1.649000	0.491898	0.491933
1.650000	0.491918	0.491953
1.651000	0.491938	0.491973
1.652000	0.491959	0.491993
1.653000	0.491979	0.492013
1.654000	0.491999	0.492033
1.655000	0.492019	0.492053
1.656000	0.492039	0.492073
1.657000	0.492058	0.492093
1.658000	0.492078	0.492112
1.659000	0.492098	0.492132
1.660000	0.492118	0.492152
1.661000	0.492137	0.492171
1.662000	0.492157	0.492191
1.663000	0.492177	0.492211
1.664000	0.492196	0.492230
1.665000	0.492216	0.492249
1.666000	0.492235	0.492269
1.667000	0.492255	0.492288
1.668000	0.492274	0.492307
1.669000	0.492293	0.492327
1.670000	0.492312	0.492346
1.671000	0.492332	0.492365
1.672000	0.492351	0.492384
1.673000	0.492370	0.492403
1.674000	0.492389	0.492422
1.675000	0.492408	0.492441
1.676000	0.492427	0.492460
1.677000	0.492446	0.492479
1.678000	0.492465	0.492498
1.679000	0.492483	0.492516
1.680000	0.492502	0.492535
1.681000	0.492521	0.492554
1.682000	0.492540	0.492572
1.683000	0.492558	0.492591
1.684000	0.492577	0.492609
1.685000	0.492595	0.492628
1.686000	0.492614	0.492646
1.687000	0.492632	0.492665
1.688000	0.492651	0.492683
1.689000	0.492669	0.492701
1.690000	0.492687	0.492720
1.691000	0.492706	0.492738
1.692000	0.492724	0.492756
1.693000	0.492742	0.492774
1.694000	0.492760	0.492792
1.695000	0.492778	0.492810
1.696000	0.492796	0.492828
1.697000	0.492814	0.492846
1.698000	0.492832	0.492864
1.699000	0.492850	0.492882
1.700000	0.492868	0.492900
1.701000	0.492886	0.492917
1.702000	0.492903	0.492935
1.703000	0.492921	0.492953
1.704000	0.492939	0.492970
1.705000	0.492956	0.492988
1.706000	0.492974	0.493005
1.707000	0.492992	0.493023
1.708000	0.493009	0.493040
1.709000	0.493027	0.493058
1.710000	0.493044	0.493075
1.711000	0.493061	0.493092
1.712000	0.493079	0.493110
1.713000	0.493096	0.493127
1.714000	0.493113	0.493144
1.715000	0.493130	0.493161
1.716000	0.493148	0.493178
1.717000	0.493165	0.493195
1.718000	0.493182	0.493212
1.719000	0.493199	0.493229
1.720000	0.493216	0.493246
1.721000	0.493233	0.493263
1.722000	0.493250	0.493280
1.723000	0.493266	0.493297
1.724000	0.493283	0.493314
1.725000	0.493300	0.493330
1.726000	0.493317	0.493347
1.727000	0.493333	0.493364
1.728000	0.493350	0.493380
1.729000	0.493367	0.493397
1.730000	0.493383	0.493413
1.731000	0.493400	0.493430
1.732000	0.493416	0.493446
1.733000	0.493433	0.493463
1.734000	0.493449	0.493479
1.735000	0.493465	0.493495
1.736000	0.493482	0.493511
1.737000	0.493498	0.493528
1.738000	0.493514	0.493544
1.739000	0.493530	0.493560
1.740000	0.493547	0.493576
1.741000	0.493563	0.493592
1.742000	0.493579	0.493608
1.743000	0.493595	0.493624
1.744000	0.493611	0.493640
1.745000	0.493627	0.493656
1.746000	0.493643	0.493672
1.747000	0.493659	0.493688
1.748000	0.493674	0.493703
1.749000	0.493690	0.493719
1.750000	0.493706	0.493735
1.751000	0.493722	0.493751
1.752000	0.493737	0.493766
1.753000	0.493753	0.493782
1.754000	0.493769	0.493797
1.755000	0.493784	0.493813
1.756000	0.493800	0.493828
1.757000	0.493815	0.493844
1.758000	0.493831	0.493859
1.759000	0.493846	0.493874
1.760000	0.493861	0.493890
1.761000	0.493877	0.493905
1.762000	0.493892	0.493920
1.763000	0.493907	0.493935
1.764000	0.493922	0.493951
1.765000	0.493938	0.493966
1.766000	0.493953	0.493981
1.767000	0.493968	0.493996
1.768000	0.493983	0.494011
1.769000	0.493998	0.494026
1.770000	0.494013	0.494041
1.771000	0.494028	0.494056
1.772000	0.494043	0.494071
1.773000	0.494058	0.494085
1.774000	0.494072	0.494100
1.775000	0.494087	0.494115
1.776000	0.494102	0.494130
1.777000	0.494117	0.494144
1.778000	0.494131	0.494159
1.779000	0.494146	0.494174
1.780000	0.494161	0.494188
1.781000	0.494175	0.494203
1.782000	0.494190	0.494217
1.783000	0.494204	0.494232
1.784000	0.494219	0.494246
1.785000	0.494233	0.494260
1.786000	0.494248	0.494275
1.787000	0.494262	0.494289
1.788000	0.494276	0.494303
1.789000	0.494291	0.494318
1.790000	0.494305	0.494332
1.791000	0.494319	0.494346
1.792000	0.494333	0.494360
1.793000	0.494347	0.494374
1.794000	0.494362	0.494388
1.795000	0.494376	0.494402
1.796000	0.494390	0.494416
1.797000	0.494404	0.494430
1.798000	0.494418	0.494444
1.799000	0.494432	0.494458
1.800000	0.494446	0.494472
1.801000	0.494459	0.494486
1.802000	0.494473	0.494500
1.803000	0.494487	0.494513
1.804000	0.494501	0.494527
1.805000	0.494515	0.494541
1.806000	0.494528	0.494554
1.807000	0.494542	0.494568
1.808000	0.494555	0.494582
1.809000	0.494569	0.494595
1.810000	0.494583	0.494609
1.811000	0.494596	0.494622
1.812000	0.494610	0.494635
1.813000	0.494623	0.494649
1.814000	0.494637	0.494662
1.815000	0.494650	0.494676
1.816000	0.494663	0.494689
1.817000	0.494677	0.494702
1.818000	0.494690	0.494715
1.819000	0.494703	0.494729
1.820000	0.494716	0.494742
1.821000	0.494730	0.494755
1.822000	0.494743	0.494768
1.823000	0.494756	0.494781
1.824000	0.494769	0.494794
1.825000	0.494782	0.494807
1.826000	0.494795	0.494820
1.827000	0.494808	0.494833
1.828000	0.494821	0.494846
1.829000	0.494834	0.494859
1.830000	0.494847	0.494872
1.831000	0.494860	0.494885
1.832000	0.494873	0.494897
1.833000	0.494885	0.494910
1.834000	0.494898	0.494923
1.835000	0.494911	0.494936
1.836000	0.494924	0.494948
1.837000	0.494936	0.494961
1.838000	0.494949	0.494974
1.839000	0.494962	0.494986
1.840000	0.494974	0.494999
1.841000	0.494987	0.495011
1.842000	0.494999	0.495024
1.843000	0.495012	0.495036
1.844000	0.495024	0.495048
1.845000	0.495037	0.495061
1.846000	0.495049	0.495073
1.847000	0.495061	0.495085
1.848000	0.495074	0.495098
1.849000	0.495086	0.495110
1.850000	0.495098	0.495122
1.851000	0.495110	0.495134
1.852000	0.495123	0.495147
1.853000	0.495135	0.495159
1.854000	0.495147	0.495171
1.855000	0.495159	0.495183
1.856000	0.495171	0.495195
1.857000	0.495183	0.495207
1.858000	0.495195	0.495219
1.859000	0.495207	0.495231
1.860000	0.495219	0.495243
1.861000	0.495231	0.495255
1.862000	0.495243	0.495267
1.863000	0.495255	0.495278
1.864000	0.495267	0.495290
1.865000	0.495279	0.495302
1.866000	0.495290	0.495314
1.867000	0.495302	0.495325
1.868000	0.495314	0.495337
1.869000	0.495326	0.495349
1.870000	0.495337	0.495360
1.871000	0.495349	0.495372
1.872000	0.495360	0.495384
1.873000	0.495372	0.495395
1.874000	0.495384	0.495407
1.875000	0.495395	0.495418
1.876000	0.495407	0.495430
1.877000	0.495418	0.495441
1.878000	0.495430	0.495452
1.879000	0.495441	0.495464
1.880000	0.495452	0.495475
1.881000	0.495464	0.495486
1.882000	0.495475	0.495498
1.883000	0.495486	0.495509
1.884000	0.495498	0.495520
1.885000	0.495509	0.495531
1.886000	0.495520	0.495543
1.887000	0.495531	0.495554
1.888000	0.495542	0.495565
1.889000	0.495554	0.495576
1.890000	0.495565	0.495587
1.891000	0.495576	0.495598
1.892000	0.495587	0.495609
1.893000	0.495598	0.495620
1.894000	0.495609	0.495631
1.895000	0.495620	0.495642
1.896000	0.495631	0.495653
1.897000	0.495642	0.495664
1.898000	0.495652	0.495674
1.899000	0.495663	0.495685
1.900000	0.495674	0.495696
1.901000	0.495685	0.495707
1.902000	0.495696	0.495718
1.903000	0.495706	0.495728
1.904000	0.495717	0.495739
1.905000	0.495728	0.495750
1.906000	0.495739	0.495760
1.907000	0.495749	0.495771
1.908000	0.495760	0.495781
1.909000	0.495770	0.495792
1.910000	0.495781	0.495802
1.911000	0.495791	0.495813
1.912000	0.495802	0.495823
1.913000	0.495812	0.495834
1.914000	0.495823	0.495844
1.915000	0.495833	0.495855
1.916000	0.495844	0.495865
1.917000	0.495854	0.495875
1.918000	0.495865	0.495886
1.919000	0.495875	0.495896
1.920000	0.495885	0.495906
1.921000	0.495895	0.495916
1.922000	0.495906	0.495927
1.923000	0.495916	0.495937
1.924000	0.495926	0.495947
1.925000	0.495936	0.495957
1.926000	0.495946	0.495967
1.927000	0.495957	0.495977
1.928000	0.495967	0.495987
1.929000	0.495977	0.495997
1.930000	0.495987	0.496007
1.931000	0.495997	0.496017
1.932000	0.496007	0.496027
1.933000	0.496017	0.496037
1.934000	0.496027	0.496047
1.935000	0.496037	0.496057
1.936000	0.496046	0.496067
1.937000	0.496056	0.496077
1.938000	0.496066	0.496087
1.939000	0.496076	0.496096
1.940000	0.496086	0.496106
1.941000	0.496096	0.496116
1.942000	0.496105	0.496126
1.943000	0.496115	0.496135
1.944000	0.496125	0.496145
1.945000	0.496134	0.496155
1.946000	0.496144	0.496164
1.947000	0.496154	0.496174
1.948000	0.496163	0.496183
1.949000	0.496173	0.496193
1.950000	0.496182	0.496202
1.951000	0.496192	0.496212
1.952000	0.496201	0.496221
1.953000	0.496211	0.496231
1.954000	0.496220	0.496240
1.955000	0.496230	0.496250
1.956000	0.496239	0.496259
1.957000	0.496249	0.496268
1.958000	0.496258	0.496278
1.959000	0.496267	0.496287
1.960000	0.496277	0.496296
1.961000	0.496286	0.496306
1.962000	0.496295	0.496315
1.963000	0.496305	0.496324
1.964000	0.496314	0.496333
1.965000	0.496323	0.496342
1.966000	0.496332	0.496351
1.967000	0.496341	0.496361
1.968000	0.496350	0.496370
1.969000	0.496360	0.496379
1.970000	0.496369	0.496388
1.971000	0.496378	0.496397
1.972000	0.496387	0.496406
1.973000	0.496396	0.496415
1.974000	0.496405	0.496424
1.975000	0.496414	0.496433
1.976000	0.496423	0.496442
1.977000	0.496432	0.496451
1.978000	0.496441	0.496459
1.979000	0.496449	0.496468
1.980000	0.496458	0.496477
1.981000	0.496467	0.496486
1.982000	0.496476	0.496495
1.983000	0.496485	0.496503
1.984000	0.496494	0.496512
1.985000	0.496502	0.496521
1.986000	0.496511	0.496530
1.987000	0.496520	0.496538
1.988000	0.496528	0.496547
1.989000	0.496537	0.496556
1.990000	0.496546	0.496564
1.991000	0.496554	0.496573
1.992000	0.496563	0.496581
1.993000	0.496572	0.496590
1.994000	0.496580	0.496598
1.995000	0.496589	0.496607
1.996000	0.496597	0.496615
1.997000	0.496606	0.496624
1.998000	0.496614	0.496632
1.999000	0.496623	0.496641
2.000000	0.496631	0.496649
2.001000	0.496639	0.496658
2.002000	0.496648	0.496666
2.003000	0.496656	0.496674
2.004000	0.496665	0.496683
2.005000	0.496673	0.496691
2.006000	0.496681	0.496699
2.007000	0.496689	0.496707
2.008000	0.496698	0.496716
2.009000	0.496706	0.496724
2.010000	0.496714	0.496732
2.011000	0.496722	0.496740
2.012000	0.496731	0.496748
2.013000	0.496739	0.496756
2.014000	0.496747	0.496765
2.015000	0.496755	0.496773
2.016000	0.496763	0.496781
2.017000	0.496771	0.496789
2.018000	0.496779	0.496797
2.019000	0.496787	0.496805
2.020000	0.496795	0.496813
2.021000	0.496803	0.496821
2.022000	0.496811	0.496829
2.023000	0.496819	0.496837
2.024000	0.496827	0.496845
2.025000	0.496835	0.496852
2.026000	0.496843	0.496860
2.027000	0.496851	0.496868
2.028000	0.496859	0.496876
2.029000	0.496867	0.496884
2.030000	0.496874	0.496892
2.031000	0.496882	0.496899
2.032000	0.496890	0.496907
2.033000	0.496898	0.496915
2.034000	0.496906	0.496923
2.035000	0.496913	0.496930
2.036000	0.496921	0.496938
2.037000	0.496929	0.496946
2.038000	0.496936	0.496953
2.039000	0.496944	0.496961
2.040000	0.496952	0.496968
2.041000	0.496959	0.496976
2.042000	0.496967	0.496984
2.043000	0.496974	0.496991
2.044000	0.496982	0.496999
2.045000	0.496989	0.497006
2.046000	0.496997	0.497014
2.047000	0.497005	0.497021
2.048000	0.497012	0.497029
2.049000	0.497019	0.497036
2.050000	0.497027	0.497043
2.051000	0.497034	0.497051
2.052000	0.497042	0.497058
2.053000	0.497049	0.497065
2.054000	0.497056	0.497073
2.055000	0.497064	0.497080
2.056000	0.497071	0.497087
2.057000	0.497078	0.497095
2.058000	0.497086	0.497102
2.059000	0.497093	0.497109
2.060000	0.497100	0.497116
2.061000	0.497108	0.497124
2.062000	0.497115	0.497131
2.063000	0.497122	0.497138
2.064000	0.497129	0.497145
2.065000	0.497136	0.497152
2.066000	0.497143	0.497159
2.067000	0.497151	0.497167
2.068000	0.497158	0.497174
2.069000	0.497165	0.497181
2.070000	0.497172	0.497188
2.071000	0.497179	0.497195
2.072000	0.497186	0.497202
2.073000	0.497193	0.497209
2.074000	0.497200	0.497216
2.075000	0.497207	0.497223
2.076000	0.497214	0.497230
2.077000	0.497221	0.497237
2.078000	0.497228	0.497243
2.079000	0.497235	0.497250
2.080000	0.497242	0.497257
2.081000	0.497249	0.497264
2.082000	0.497255	0.497271
2.083000	0.497262	0.497278
2.084000	0.497269	0.497285
2.085000	0.497276	0.497291
2.086000	0.497283	0.497298
2.087000	0.497290	0.497305
2.088000	0.497296	0.497312
2.089000	0.497303	0.497318
2.090000	0.497310	0.497325
2.091000	0.497317	0.497332
2.092000	0.497323	0.497338
2.093000	0.497330	0.497345
2.094000	0.497337	0.497352
2.095000	0.497343	0.497358
2.096000	0.497350	0.497365
2.097000	0.497356	0.497372
2.098000	0.497363	0.497378
2.099000	0.497370	0.497385
2.100000	0.497376	0.497391
2.101000	0.497383	0.497398
2.102000	0.497389	0.497404
2.103000	0.497396	0.497411
2.104000	0.497402	0.497417
2.105000	0.497409	0.497424
2.106000	0.497415	0.497430
2.107000	0.497422	0.497436
2.108000	0.497428	0.497443
2.109000	0.497435	0.497449
2.110000	0.497441	0.497456
2.111000	0.497447	0.497462
2.112000	0.497454	0.497468
2.113000	0.497460	0.497475
2.114000	0.497466	0.497481
2.115000	0.497473	0.497487
2.116000	0.497479	0.497494
2.117000	0.497485	0.497500
2.118000	0.497492	0.497506
2.119000	0.497498	0.497512
2.120000	0.497504	0.497519
2.121000	0.497510	0.497525
2.122000	0.497517	0.497531
2.123000	0.497523	0.497537
2.124000	0.497529	0.497543
2.125000	0.497535	0.497549
2.126000	0.497541	0.497556
2.127000	0.497547	0.497562
2.128000	0.497554	0.497568
2.129000	0.497560	0.497574
2.130000	0.497566	0.497580
2.131000	0.497572	0.497586
2.132000	0.497578	0.497592
2.133000	0.497584	0.497598
2.134000	0.497590	0.497604
2.135000	0.497596	0.497610
2.136000	0.497602	0.497616
2.137000	0.497608	0.497622
2.138000	0.497614	0.497628
2.139000	0.497620	0.497634
2.140000	0.497626	0.497640
2.141000	0.497632	0.497646
2.142000	0.497638	0.497652
2.143000	0.497644	0.497657
2.144000	0.497650	0.497663
2.145000	0.497655	0.497669
2.146000	0.497661	0.497675
2.147000	0.497667	0.497681
2.148000	0.497673	0.497687
2.149000	0.497679	0.497692
2.150000	0.497685	0.497698
2.151000	0.497690	0.497704
2.152000	0.497696	0.497710
2.153000	0.497702	0.497715
2.154000	0.497708	0.497721
2.155000	0.497713	0.497727
2.156000	0.497719	0.497732
2.157000	0.497725	0.497738
2.158000	0.497730	0.497744
2.159000	0.497736	0.497749
2.160000	0.497742	0.497755
2.161000	0.497747	0.497761
2.162000	0.497753	0.497766
2.163000	0.497759	0.497772
2.164000	0.497764	0.497777
2.165000	0.497770	0.497783
2.166000	0.497775	0.497788
2.167000	0.497781	0.497794
2.168000	0.497786	0.497799
2.169000	0.497792	0.497805
2.170000	0.497797	0.497810
2.171000	0.497803	0.497816
2.172000	0.497808	0.497821
2.173000	0.497814	0.497827
2.174000	0.497819	0.497832
2.175000	0.497825	0.497838
2.176000	0.497830	0.497843
2.177000	0.497836	0.497849
2.178000	0.497841	0.497854
2.179000	0.497846	0.497859
2.180000	0.497852	0.497865
2.181000	0.497857	0.497870
2.182000	0.497863	0.497875
2.183000	0.497868	0.497881
2.184000	0.497873	0.497886
2.185000	0.497879	0.497891
2.186000	0.497884	0.497896
2.187000	0.497889	0.497902
2.188000	0.497894	0.497907
2.189000	0.497900	0.497912
2.190000	0.497905	0.497917
2.191000	0.497910	0.497923
2.192000	0.497915	0.497928
2.193000	0.497921	0.497933
2.194000	0.497926	0.497938
2.195000	0.497931	0.497943
2.196000	0.497936	0.497948
2.197000	0.497941	0.497954
2.198000	0.497946	0.497959
2.199000	0.497951	0.497964
2.200000	0.497957	0.497969
2.201000	0.497962	0.497974
2.202000	0.497967	0.497979
2.203000	0.497972	0.497984
2.204000	0.497977	0.497989
2.205000	0.497982	0.497994
2.206000	0.497987	0.497999
2.207000	0.497992	0.498004
2.208000	0.497997	0.498009
2.209000	0.498002	0.498014
2.210000	0.498007	0.498019
2.211000	0.498012	0.498024
2.212000	0.498017	0.498029
2.213000	0.498022	0.498034
2.214000	0.498027	0.498039
2.215000	0.498032	0.498044
2.216000	0.498037	0.498049
2.217000	0.498042	0.498053
2.218000	0.498047	0.498058
2.219000	0.498051	0.498063
2.220000	0.498056	0.498068
2.221000	0.498061	0.498073
2.222000	0.498066	0.498078
2.223000	0.498071	0.498083
2.224000	0.498076	0.498087
2.225000	0.498080	0.498092
2.226000	0.498085	0.498097
2.227000	0.498090	0.498102
2.228000	0.498095	0.498106
2.229000	0.498100	0.498111
2.230000	0.498104	0.498116
2.231000	0.498109	0.498121
2.232000	0.498114	0.498125
2.233000	0.498118	0.498130
2.234000	0.498123	0.498135
2.235000	0.498128	0.498139
2.236000	0.498132	0.498144
2.237000	0.498137	0.498149
2.238000	0.498142	0.498153
2.239000	0.498146	0.498158
2.240000	0.498151	0.498162
2.241000	0.498156	0.498167
2.242000	0.498160	0.498172
2.243000	0.498165	0.498176
2.244000	0.498169	0.498181
2.245000	0.498174	0.498185
2.246000	0.498179	0.498190
2.247000	0.498183	0.498194
2.248000	0.498188	0.498199
2.249000	0.498192	0.498203
2.250000	0.498197	0.498208
2.251000	0.498201	0.498212
2.252000	0.498206	0.498217
2.253000	0.498210	0.498221
2.254000	0.498215	0.498226
2.255000	0.498219	0.498230
2.256000	0.498224	0.498235
2.257000	0.498228	0.498239
2.258000	0.498232	0.498243
2.259000	0.498237	0.498248
2.260000	0.498241	0.498252
2.261000	0.498246	0.498256
2.262000	0.498250	0.498261
2.263000	0.498254	0.498265
2.264000	0.498259	0.498270
2.265000	0.498263	0.498274
2.266000	0.498267	0.498278
2.267000	0.498272	0.498282
2.268000	0.498276	0.498287
2.269000	0.498280	0.498291
2.270000	0.498285	0.498295
2.271000	0.498289	0.498300
2.272000	0.498293	0.498304
2.273000	0.498297	0.498308
2.274000	0.498302	0.498312
2.275000	0.498306	0.498317
2.276000	0.498310	0.498321
2.277000	0.498314	0.498325
2.278000	0.498319	0.498329
2.279000	0.498323	0.498333
2.280000	0.498327	0.498337
2.281000	0.498331	0.498342
2.282000	0.498335	0.498346
2.283000	0.498340	0.498350
2.284000	0.498344	0.498354
2.285000	0.498348	0.498358
2.286000	0.498352	0.498362
2.287000	0.498356	0.498366
2.288000	0.498360	0.498370
2.289000	0.498364	0.498375
2.290000	0.498368	0.498379
2.291000	0.498372	0.498383
2.292000	0.498376	0.498387
2.293000	0.498381	0.498391
2.294000	0.498385	0.498395
2.295000	0.498389	0.498399
2.296000	0.498393	0.498403
2.297000	0.498397	0.498407
2.298000	0.498401	0.498411
2.299000	0.498405	0.498415
2.300000	0.498409	0.498419
2.301000	0.498413	0.498423
2.302000	0.498417	0.498427
2.303000	0.498421	0.498430
2.304000	0.498424	0.498434
2.305000	0.498428	0.498438
2.306000	0.498432	0.498442
2.307000	0.498436	0.498446
2.308000	0.498440	0.498450
2.309000	0.498444	0.498454
2.310000	0.498448	0.498458
2.311000	0.498452	0.498462
2.312000	0.498456	0.498465
2.313000	0.498459	0.498469
2.314000	0.498463	0.498473
2.315000	0.498467	0.498477
2.316000	0.498471	0.498481
2.317000	0.498475	0.498485
2.318000	0.498479	0.498488
2.319000	0.498482	0.498492
2.320000	0.498486	0.498496
2.321000	0.498490	0.498500
2.322000	0.498494	0.498503
2.323000	0.498498	0.498507
2.324000	0.498501	0.498511
2.325000	0.498505	0.498515
2.326000	0.498509	0.498518
2.327000	0.498512	0.498522
2.328000	0.498516	0.498526
2.329000	0.498520	0.498529
2.330000	0.498524	0.498533
2.331000	0.498527	0.498537
2.332000	0.498531	0.498540
2.333000	0.498535	0.498544
2.334000	0.498538	0.498548
2.335000	0.498542	0.498551
2.336000	0.498546	0.498555
2.337000	0.498549	0.498559
2.338000	0.498553	0.498562
2.339000	0.498556	0.498566
2.340000	0.498560	0.498569
2.341000	0.498564	0.498573
2.342000	0.498567	0.498576
2.343000	0.498571	0.498580
2.344000	0.498574	0.498584
2.345000	0.498578	0.498587
2.346000	0.498581	0.498591
2.347000	0.498585	0.498594
2.348000	0.498589	0.498598
2.349000	0.498592	0.498601
2.350000	0.498596	0.498605
2.351000	0.498599	0.498608
2.352000	0.498603	0.498612
2.353000	0.498606	0.498615
2.354000	0.498610	0.498619
2.355000	0.498613	0.498622
2.356000	0.498617	0.498625
2.357000	0.498620	0.498629
2.358000	0.498623	0.498632
2.359000	0.498627	0.498636
2.360000	0.498630	0.498639
2.361000	0.498634	0.498643
2.362000	0.498637	0.498646
2.363000	0.498641	0.498649
2.364000	0.498644	0.498653
2.365000	0.498647	0.498656
2.366000	0.498651	0.498659
2.367000	0.498654	0.498663
2.368000	0.498657	0.498666
2.369000	0.498661	0.498669
2.370000	0.498664	0.498673
2.371000	0.498667	0.498676
2.372000	0.498671	0.498679
2.373000	0.498674	0.498683
2.374000	0.498677	0.498686
2.375000	0.498681	0.498689
2.376000	0.498684	0.498693
2.377000	0.498687	0.498696
2.378000	0.498691	0.498699
2.379000	0.498694	0.498702
2.380000	0.498697	0.498706
2.381000	0.498700	0.498709
2.382000	0.498704	0.498712
2.383000	0.498707	0.498715
2.384000	0.498710	0.498719
2.385000	0.498713	0.498722
2.386000	0.498716	0.498725
2.387000	0.498720	0.498728
2.388000	0.498723	0.498731
2.389000	0.498726	0.498734
2.390000	0.498729	0.498738
2.391000	0.498732	0.498741
2.392000	0.498736	0.498744
2.393000	0.498739	0.498747
2.394000	0.498742	0.498750
2.395000	0.498745	0.498753
2.396000	0.498748	0.498756
2.397000	0.498751	0.498760
2.398000	0.498754	0.498763
2.399000	0.498758	0.498766
2.400000	0.498761	0.498769
2.401000	0.498764	0.498772
2.402000	0.498767	0.498775
2.403000	0.498770	0.498778
2.404000	0.498773	0.498781
2.405000	0.498776	0.498784
2.406000	0.498779	0.498787
2.407000	0.498782	0.498790
2.408000	0.498785	0.498793
2.409000	0.498788	0.498796
2.410000	0.498791	0.498799
2.411000	0.498794	0.498802
2.412000	0.498797	0.498805
2.413000	0.498800	0.498808
2.414000	0.498803	0.498811
2.415000	0.498806	0.498814
2.416000	0.498809	0.498817
2.417000	0.498812	0.498820
2.418000	0.498815	0.498823
2.419000	0.498818	0.498826
2.420000	0.498821	0.498829
2.421000	0.498824	0.498832
2.422000	0.498827	0.498835
2.423000	0.498830	0.498838
2.424000	0.498833	0.498841
2.425000	0.498836	0.498844
2.426000	0.498839	0.498846
2.427000	0.498842	0.498849
2.428000	0.498844	0.498852
2.429000	0.498847	0.498855
2.430000	0.498850	0.498858
2.431000	0.498853	0.498861
2.432000	0.498856	0.498864
2.433000	0.498859	0.498866
2.434000	0.498862	0.498869
2.435000	0.498864	0.498872
2.436000	0.498867	0.498875
2.437000	0.498870	0.498878
2.438000	0.498873	0.498881
2.439000	0.498876	0.498883
2.440000	0.498879	0.498886
2.441000	0.498881	0.498889
2.442000	0.498884	0.498892
2.443000	0.498887	0.498894
2.444000	0.498890	0.498897
2.445000	0.498892	0.498900
2.446000	0.498895	0.498903
2.447000	0.498898	0.498905
2.448000	0.498901	0.498908
2.449000	0.498904	0.498911
2.450000	0.498906	0.498914
2.451000	0.498909	0.498916
2.452000	0.498912	0.498919
2.453000	0.498914	0.498922
2.454000	0.498917	0.498924
2.455000	0.498920	0.498927
2.456000	0.498923	0.498930
2.457000	0.498925	0.498933
2.458000	0.498928	0.498935
2.459000	0.498931	0.498938
2.460000	0.498933	0.498941
2.461000	0.498936	0.498943
2.462000	0.498939	0.498946
2.463000	0.498941	0.498948
2.464000	0.498944	0.498951
2.465000	0.498947	0.498954
2.466000	0.498949	0.498956
2.467000	0.498952	0.498959
2.468000	0.498954	0.498962
2.469000	0.498957	0.498964
2.470000	0.498960	0.498967
2.471000	0.498962	0.498969
2.472000	0.498965	0.498972
2.473000	0.498967	0.498974
2.474000	0.498970	0.498977
2.475000	0.498973	0.498980
2.476000	0.498975	0.498982
2.477000	0.498978	0.498985
2.478000	0.498980	0.498987
2.479000	0.498983	0.498990
2.480000	0.498985	0.498992
2.481000	0.498988	0.498995
2.482000	0.498990	0.498997
2.483000	0.498993	0.499000
2.484000	0.498995	0.499002
2.485000	0.498998	0.499005
2.486000	0.499000	0.499007
2.487000	0.499003	0.499010
2.488000	0.499005	0.499012
2.489000	0.499008	0.499015
2.490000	0.499010	0.499017
2.491000	0.499013	0.499020
2.492000	0.499015	0.499022
2.493000	0.499018	0.499025
2.494000	0.499020	0.499027
2.495000	0.499023	0.499029
2.496000	0.499025	0.499032
2.497000	0.499028	0.499034
2.498000	0.499030	0.499037
2.499000	0.499032	0.499039
2.500000	0.499035	0.499041
2.501000	0.499037	0.499044
2.502000	0.499040	0.499046
2.503000	0.499042	0.499049
2.504000	0.499044	0.499051
2.505000	0.499047	0.499053
2.506000	0.499049	0.499056
2.507000	0.499052	0.499058
2.508000	0.499054	0.499060
2.509000	0.499056	0.499063
2.510000	0.499059	0.499065
2.511000	0.499061	0.499067
2.512000	0.499063	0.499070
2.513000	0.499066	0.499072
2.514000	0.499068	0.499074
2.515000	0.499070	0.499077
2.516000	0.499073	0.499079
2.517000	0.499075	0.499081
2.518000	0.499077	0.499084
2.519000	0.499080	0.499086
2.520000	0.499082	0.499088
2.521000	0.499084	0.499091
2.522000	0.499086	0.499093
2.523000	0.499089	0.499095
2.524000	0.499091	0.499097
2.525000	0.499093	0.499100
2.526000	0.499096	0.499102
2.527000	0.499098	0.499104
2.528000	0.499100	0.499106
2.529000	0.499102	0.499109
2.530000	0.499105	0.499111
2.531000	0.499107	0.499113
2.532000	0.499109	0.499115
2.533000	0.499111	0.499117
2.534000	0.499113	0.499120
2.535000	0.499116	0.499122
2.536000	0.499118	0.499124
2.537000	0.499120	0.499126
2.538000	0.499122	0.499128
2.539000	0.499124	0.499131
2.540000	0.499127	0.499133
2.541000	0.499129	0.499135
2.542000	0.499131	0.499137
2.543000	0.499133	0.499139
2.544000	0.499135	0.499141
2.545000	0.499137	0.499144
2.546000	0.499140	0.499146
2.547000	0.499142	0.499148
2.548000	0.499144	0.499150
2.549000	0.499146	0.499152
2.550000	0.499148	0.499154
2.551000	0.499150	0.499156
2.552000	0.499152	0.499158
2.553000	0.499155	0.499161
2.554000	0.499157	0.499163
2.555000	0.499159	0.499165
2.556000	0.499161	0.499167
2.557000	0.499163	0.499169
2.558000	0.499165	0.499171
2.559000	0.499167	0.499173
2.560000	0.499169	0.499175
2.561000	0.499171	0.499177
2.562000	0.499173	0.499179
2.563000	0.499175	0.499181
2.564000	0.499177	0.499183
2.565000	0.499180	0.499185
2.566000	0.499182	0.499187
2.567000	0.499184	0.499189
2.568000	0.499186	0.499191
2.569000	0.499188	0.499194
2.570000	0.499190	0.499196
2.571000	0.499192	0.499198
2.572000	0.499194	0.499200
2.573000	0.499196	0.499202
2.574000	0.499198	0.499204
2.575000	0.499200	0.499206
2.576000	0.499202	0.499208
2.577000	0.499204	0.499210
2.578000	0.499206	0.499211
2.579000	0.499208	0.499213
2.580000	0.499210	0.499215
2.581000	0.499212	0.499217
2.582000	0.499214	0.499219
2.583000	0.499216	0.499221
2.584000	0.499218	0.499223
2.585000	0.499220	0.499225
2.586000	0.499222	0.499227
2.587000	0.499223	0.499229
2.588000	0.499225	0.499231
2.589000	0.499227	0.499233
2.590000	0.499229	0.499235
2.591000	0.499231	0.499237
2.592000	0.499233	0.499239
2.593000	0.499235	0.499241
2.594000	0.499237	0.499242
2.595000	0.499239	0.499244
2.596000	0.499241	0.499246
2.597000	0.499243	0.499248
2.598000	0.499245	0.499250
2.599000	0.499246	0.499252
2.600000	0.499248	0.499254
2.601000	0.499250	0.499256
2.602000	0.499252	0.499257
2.603000	0.499254	0.499259
2.604000	0.499256	0.499261
2.605000	0.499258	0.499263
2.606000	0.499259	0.499265
2.607000	0.499261	0.499267
2.608000	0.499263	0.499269
2.609000	0.499265	0.499270
2.610000	0.499267	0.499272
2.611000	0.499269	0.499274
2.612000	0.499270	0.499276
2.613000	0.499272	0.499278
2.614000	0.499274	0.499279
2.615000	0.499276	0.499281
2.616000	0.499278	0.499283
2.617000	0.499280	0.499285
2.618000	0.499281	0.499287
2.619000	0.499283	0.499288
2.620000	0.499285	0.499290
2.621000	0.499287	0.499292
2.622000	0.499289	0.499294
2.623000	0.499290	0.499295
2.624000	0.499292	0.499297
2.625000	0.499294	0.499299
2.626000	0.499296	0.499301
2.627000	0.499297	0.499302
2.628000	0.499299	0.499304
2.629000	0.499301	0.499306
2.630000	0.499303	0.499308
2.631000	0.499304	0.499309
2.632000	0.499306	0.499311
2.633000	0.499308	0.499313
2.634000	0.499310	0.499315
2.635000	0.499311	0.499316
2.636000	0.499313	0.499318
2.637000	0.499315	0.499320
2.638000	0.499316	0.499321
2.639000	0.499318	0.499323
2.640000	0.499320	0.499325
2.641000	0.499322	0.499327
2.642000	0.499323	0.499328
2.643000	0.499325	0.499330
2.644000	0.499327	0.499332
2.645000	0.499328	0.499333
2.646000	0.499330	0.499335
2.647000	0.499332	0.499337
2.648000	0.499333	0.499338
2.649000	0.499335	0.499340
2.650000	0.499337	0.499342
2.651000	0.499338	0.499343
2.652000	0.499340	0.499345
2.653000	0.499342	0.499346
2.654000	0.499343	0.499348
2.655000	0.499345	0.499350
2.656000	0.499346	0.499351
2.657000	0.499348	0.499353
2.658000	0.499350	0.499355
2.659000	0.499351	0.499356
2.660000	0.499353	0.499358
2.661000	0.499355	0.499359
2.662000	0.499356	0.499361
2.663000	0.499358	0.499363
2.664000	0.499359	0.499364
2.665000	0.499361	0.499366
2.666000	0.499363	0.499367
2.667000	0.499364	0.499369
2.668000	0.499366	0.499371
2.669000	0.499367	0.499372
2.670000	0.499369	0.499374
2.671000	0.499371	0.499375
2.672000	0.499372	0.499377
2.673000	0.499374	0.499378
2.674000	0.499375	0.499380
2.675000	0.499377	0.499381
2.676000	0.499378	0.499383
2.677000	0.499380	0.499385
2.678000	0.499381	0.499386
2.679000	0.499383	0.499388
2.680000	0.499385	0.499389
2.681000	0.499386	0.499391
2.682000	0.499388	0.499392
2.683000	0.499389	0.499394
2.684000	0.499391	0.499395
2.685000	0.499392	0.499397
2.686000	0.499394	0.499398
2.687000	0.499395	0.499400
2.688000	0.499397	0.499401
2.689000	0.499398	0.499403
2.690000	0.499400	0.499404
2.691000	0.499401	0.499406
2.692000	0.499403	0.499407
2.693000	0.499404	0.499409
2.694000	0.499406	0.499410
2.695000	0.499407	0.499412
2.696000	0.499409	0.499413
2.697000	0.499410	0.499415
2.698000	0.499412	0.499416
2.699000	0.499413	0.499418
2.700000	0.499415	0.499419
2.701000	0.499416	0.499420
2.702000	0.499417	0.499422
2.703000	0.499419	0.499423
2.704000	0.499420	0.499425
2.705000	0.499422	0.499426
2.706000	0.499423	0.499428
2.707000	0.499425	0.499429
2.708000	0.499426	0.499431
2.709000	0.499428	0.499432
2.710000	0.499429	0.499433
2.711000	0.499430	0.499435
2.712000	0.499432	0.499436
2.713000	0.499433	0.499438
2.714000	0.499435	0.499439
2.715000	0.499436	0.499440
2.716000	0.499438	0.499442
2.717000	0.499439	0.499443
2.718000	0.499440	0.499445
2.719000	0.499442	0.499446
2.720000	0.499443	0.499447
2.721000	0.499445	0.499449
2.722000	0.499446	0.499450
2.723000	0.499447	0.499451
2.724000	0.499449	0.499453
2.725000	0.499450	0.499454
2.726000	0.499451	0.499456
2.727000	0.499453	0.499457
2.728000	0.499454	0.499458
2.729000	0.499456	0.499460
2.730000	0.499457	0.499461
2.731000	0.499458	0.499462
2.732000	0.499460	0.499464
2.733000	0.499461	0.499465
2.734000	0.499462	0.499466
2.735000	0.499464	0.499468
2.736000	0.499465	0.499469
2.737000	0.499466	0.499470
2.738000	0.499468	0.499472
2.739000	0.499469	0.499473
2.740000	0.499470	0.499474
2.741000	0.499472	0.499476
2.742000	0.499473	0.499477
2.743000	0.499474	0.499478
2.744000	0.499476	0.499480
2.745000	0.499477	0.499481
2.746000	0.499478	0.499482
2.747000	0.499479	0.499483
2.748000	0.499481	0.499485
2.749000	0.499482	0.499486
2.750000	0.499483	0.499487
2.751000	0.499485	0.499489
2.752000	0.499486	0.499490
2.753000	0.499487	0.499491
2.754000	0.499488	0.499492
2.755000	0.499490	0.499494
2.756000	0.499491	0.499495
2.757000	0.499492	0.499496
2.758000	0.499494	0.499497
2.759000	0.499495	0.499499
2.760000	0.499496	0.499500
2.761000	0.499497	0.499501
2.762000	0.499499	0.499503
2.763000	0.499500	0.499504
2.764000	0.499501	0.499505
2.765000	0.499502	0.499506
2.766000	0.499504	0.499507
2.767000	0.499505	0.499509
2.768000	0.499506	0.499510
2.769000	0.499507	0.499511
2.770000	0.499509	0.499512
2.771000	0.499510	0.499514
2.772000	0.499511	0.499515
2.773000	0.499512	0.499516
2.774000	0.499513	0.499517
2.775000	0.499515	0.499518
2.776000	0.499516	0.499520
2.777000	0.499517	0.499521
2.778000	0.499518	0.499522
2.779000	0.499519	0.499523
2.780000	0.499521	0.499524
2.781000	0.499522	0.499526
2.782000	0.499523	0.499527
2.783000	0.499524	0.499528
2.784000	0.499525	0.499529
2.785000	0.499527	0.499530
2.786000	0.499528	0.499532
2.787000	0.499529	0.499533
2.788000	0.499530	0.499534
2.789000	0.499531	0.499535
2.790000	0.499533	0.499536
2.791000	0.499534	0.499537
2.792000	0.499535	0.499538
2.793000	0.499536	0.499540
2.794000	0.499537	0.499541
2.795000	0.499538	0.499542
2.796000	0.499539	0.499543
2.797000	0.499541	0.499544
2.798000	0.499542	0.499545
2.799000	0.499543	0.499547
2.800000	0.499544	0.499548
2.801000	0.499545	0.499549
2.802000	0.499546	0.499550
2.803000	0.499547	0.499551
2.804000	0.499549	0.499552
2.805000	0.499550	0.499553
2.806000	0.499551	0.499554
2.807000	0.499552	0.499556
2.808000	0.499553	0.499557
2.809000	0.499554	0.499558
2.810000	0.499555	0.499559
2.811000	0.499556	0.499560
2.812000	0.499558	0.499561
2.813000	0.499559	0.499562
2.814000	0.499560	0.499563
2.815000	0.499561	0.499564
2.816000	0.499562	0.499565
2.817000	0.499563	0.499566
2.818000	0.499564	0.499568
2.819000	0.499565	0.499569
2.820000	0.499566	0.499570
2.821000	0.499567	0.499571
2.822000	0.499568	0.499572
2.823000	0.499570	0.499573
2.824000	0.499571	0.499574
2.825000	0.499572	0.499575
2.826000	0.499573	0.499576
2.827000	0.499574	0.499577
2.828000	0.499575	0.499578
2.829000	0.499576	0.499579
2.830000	0.499577	0.499580
2.831000	0.499578	0.499581
2.832000	0.499579	0.499582
2.833000	0.499580	0.499584
2.834000	0.499581	0.499585
2.835000	0.499582	0.499586
2.836000	0.499583	0.499587
2.837000	0.499584	0.499588
2.838000	0.499585	0.499589
2.839000	0.499586	0.499590
2.840000	0.499587	0.499591
2.841000	0.499588	0.499592
2.842000	0.499590	0.499593
2.843000	0.499591	0.499594
2.844000	0.499592	0.499595
2.845000	0.499593	0.499596
2.846000	0.499594	0.499597
2.847000	0.499595	0.499598
2.848000	0.499596	0.499599
2.849000	0.499597	0.499600
2.850000	0.499598	0.499601
2.851000	0.499599	0.499602
2.852000	0.499600	0.499603
2.853000	0.499601	0.499604
2.854000	0.499602	0.499605
2.855000	0.499603	0.499606
2.856000	0.499604	0.499607
2.857000	0.499605	0.499608
2.858000	0.499606	0.499609
2.859000	0.499607	0.499610
2.860000	0.499608	0.499611
2.861000	0.499609	0.499612
2.862000	0.499610	0.499613
2.863000	0.499611	0.499614
2.864000	0.499611	0.499615
2.865000	0.499612	0.499616
2.866000	0.499613	0.499617
2.867000	0.499614	0.499617
2.868000	0.499615	0.499618
2.869000	0.499616	0.499619
2.870000	0.499617	0.499620
2.871000	0.499618	0.499621
2.872000	0.499619	0.499622
2.873000	0.499620	0.499623
2.874000	0.499621	0.499624
2.875000	0.499622	0.499625
2.876000	0.499623	0.499626
2.877000	0.499624	0.499627
2.878000	0.499625	0.499628
2.879000	0.499626	0.499629
2.880000	0.499627	0.499630
2.881000	0.499628	0.499631
2.882000	0.499629	0.499632
2.883000	0.499629	0.499633
2.884000	0.499630	0.499633
2.885000	0.499631	0.499634
2.886000	0.499632	0.499635
2.887000	0.499633	0.499636
2.888000	0.499634	0.499637
2.889000	0.499635	0.499638
2.890000	0.499636	0.499639
2.891000	0.499637	0.499640
2.892000	0.499638	0.499641
2.893000	0.499639	0.499642
2.894000	0.499640	0.499642
2.895000	0.499640	0.499643
2.896000	0.499641	0.499644
2.897000	0.499642	0.499645
2.898000	0.499643	0.499646
2.899000	0.499644	0.499647
2.900000	0.499645	0.499648
2.901000	0.499646	0.499649
2.902000	0.499647	0.499650
2.903000	0.499648	0.499650
2.904000	0.499648	0.499651
2.905000	0.499649	0.499652
2.906000	0.499650	0.499653
2.907000	0.499651	0.499654
2.908000	0.499652	0.499655
2.909000	0.499653	0.499656
2.910000	0.499654	0.499657
2.911000	0.499655	0.499657
2.912000	0.499655	0.499658
2.913000	0.499656	0.499659
2.914000	0.499657	0.499660
2.915000	0.499658	0.499661
2.916000	0.499659	0.499662
2.917000	0.499660	0.499662
2.918000	0.499661	0.499663
2.919000	0.499661	0.499664
2.920000	0.499662	0.499665
2.921000	0.499663	0.499666
2.922000	0.499664	0.499667
2.923000	0.499665	0.499668
2.924000	0.499666	0.499668
2.925000	0.499666	0.499669
2.926000	0.499667	0.499670
2.927000	0.499668	0.499671
2.928000	0.499669	0.499672
2.929000	0.499670	0.499672
2.930000	0.499671	0.499673
2.931000	0.499671	0.499674
2.932000	0.499672	0.499675
2.933000	0.499673	0.499676
2.934000	0.499674	0.499677
2.935000	0.499675	0.499677
2.936000	0.499675	0.499678
2.937000	0.499676	0.499679
2.938000	0.499677	0.499680
2.939000	0.499678	0.499681
2.940000	0.499679	0.499681
2.941000	0.499680	0.499682
2.942000	0.499680	0.499683
2.943000	0.499681	0.499684
2.944000	0.499682	0.499685
2.945000	0.499683	0.499685
2.946000	0.499683	0.499686
2.947000	0.499684	0.499687
2.948000	0.499685	0.499688
2.949000	0.499686	0.499688
2.950000	0.499687	0.499689
2.951000	0.499687	0.499690
2.952000	0.499688	0.499691
2.953000	0.499689	0.499692
2.954000	0.499690	0.499692
2.955000	0.499691	0.499693
2.956000	0.499691	0.499694
2.957000	0.499692	0.499695
2.958000	0.499693	0.499695
2.959000	0.499694	0.499696
2.960000	0.499694	0.499697
2.961000	0.499695	0.499698
2.962000	0.499696	0.499698
2.963000	0.499697	0.499699
2.964000	0.499697	0.499700
2.965000	0.499698	0.499701
2.966000	0.499699	0.499701
2.967000	0.499700	0.499702
2.968000	0.499700	0.499703
2.969000	0.499701	0.499704
2.970000	0.499702	0.499704
2.971000	0.499703	0.499705
2.972000	0.499703	0.499706
2.973000	0.499704	0.499707
2.974000	0.499705	0.499707
2.975000	0.499706	0.499708
2.976000	0.499706	0.499709
2.977000	0.499707	0.499710
2.978000	0.499708	0.499710
2.979000	0.499709	0.499711
2.980000	0.499709	0.499712
2.981000	0.499710	0.499712
2.982000	0.499711	0.499713
2.983000	0.499711	0.499714
2.984000	0.499712	0.499715
2.985000	0.499713	0.499715
2.986000	0.499714	0.499716
2.987000	0.499714	0.499717
2.988000	0.499715	0.499717
2.989000	0.499716	0.499718
2.990000	0.499716	0.499719
2.991000	0.499717	0.499720
2.992000	0.499718	0.499720
2.993000	0.499719	0.499721
2.994000	0.499719	0.499722
2.995000	0.499720	0.499722
2.996000	0.499721	0.499723
2.997000	0.499721	0.499724
2.998000	0.499722	0.499724
2.999000	0.499723	0.499725
3.000000	0.499723	0.499726
